,trial_index,RT,congruency,stimPosit,respPosit,correction,hand,block1,block2,block3,error_outlier,nblock,postError,P,Q_ll,Q_lr,Q_rl,Q_rr,PE_ll,PE_lr,PE_rl,PE_rr
0,1,806.7,1.0,1.0,0.0,1.0,0.0,1.0,0.0,0.0,2,1.0,0,0.5,0.5,0.5,0.5,0.5,0.0,0.0,0.5,-0.5
1,2,606.1,0.0,0.0,0.0,1.0,0.0,1.0,0.0,0.0,0,1.0,0,0.5,0.5,0.5,0.6750834072805594,0.3249165927194406,0.5,-0.5,0.0,0.0
2,3,433.5,0.0,1.0,1.0,1.0,1.0,1.0,0.0,0.0,0,1.0,0,0.4529319492296837,0.6750834072805594,0.3249165927194406,0.5470680507703163,0.4529319492296837,0.0,0.0,-0.5470680507703163,0.5470680507703163
3,4,405.0,0.0,0.0,0.0,1.0,0.0,1.0,0.0,0.0,0,1.0,0,0.5470680507703163,0.5470680507703163,0.4529319492296837,0.3555029740839142,0.6444970259160858,0.4529319492296837,-0.4529319492296837,0.0,0.0
4,5,372.4,0.0,0.0,0.0,1.0,0.0,1.0,0.0,0.0,0,1.0,0,0.705669788645033,0.705669788645033,0.29433021135496695,0.4611545522353264,0.5388454477646736,0.29433021135496695,-0.29433021135496695,0.0,0.0
5,6,519.9,1.0,0.0,1.0,1.0,1.0,1.0,0.0,0.0,0,1.0,0,0.19126553881569733,0.8087344611843027,0.19126553881569733,0.4895570943244583,0.5104429056755416,-0.8087344611843027,0.8087344611843027,0.0,0.0
6,7,855.3,0.0,1.0,1.0,1.0,1.0,1.0,0.0,0.0,2,1.0,0,0.5028073889020127,0.5255424910855926,0.4744575089144074,0.49719261109798724,0.5028073889020127,0.0,0.0,-0.49719261109798724,0.4971926110979873
7,8,446.8,0.0,1.0,1.0,1.0,1.0,1.0,0.0,0.0,0,1.0,0,0.6769077417535201,0.5068666430810918,0.49313335691890825,0.3230922582464799,0.6769077417535201,0.0,0.0,-0.3230922582464799,0.3230922582464799
8,9,446.2,1.0,0.0,1.0,1.0,1.0,1.0,0.0,0.0,0,1.0,0,0.49815402550028876,0.5018459744997112,0.49815402550028876,0.20995607136695166,0.7900439286330483,-0.5018459744997112,0.5018459744997112,0.0,0.0
9,10,965.7,1.0,1.0,0.0,1.0,0.0,1.0,0.0,0.0,2,1.0,0,0.4220268638212745,0.3261161682088269,0.6738838317911731,0.4220268638212745,0.5779731361787255,0.0,0.0,0.5779731361787255,-0.5779731361787255
10,11,513.1,0.0,0.0,0.0,1.0,0.0,1.0,0.0,0.0,0,1.0,0,0.4532544337010236,0.4532544337010236,0.5467455662989764,0.6244138758188785,0.3755861241811215,0.5467455662989764,-0.5467455662989764,0.0,0.0
11,12,540.5,1.0,0.0,1.0,1.0,1.0,1.0,0.0,0.0,0,1.0,0,0.3552934129726488,0.6447065870273512,0.3552934129726488,0.5334464511202428,0.46655354887975714,-0.6447065870273512,0.6447065870273512,0.0,0.0
12,13,648.0,0.0,1.0,1.0,1.0,1.0,1.0,0.0,0.0,0,1.0,0,0.4910085182607176,0.4189517351214129,0.5810482648785871,0.5089914817392824,0.4910085182607176,0.0,0.0,-0.5089914817392824,0.5089914817392824
13,14,371.4,1.0,1.0,0.0,1.0,0.0,1.0,0.0,0.0,0,1.0,0,0.33075955593989403,0.47821161979079807,0.5217883802092019,0.33075955593989403,0.6692404440601061,0.0,0.0,0.669240444060106,-0.6692404440601061
14,15,434.9,0.0,1.0,1.0,1.0,1.0,1.0,0.0,0.0,0,1.0,0,0.4348946495881101,0.4941425826592104,0.5058574173407896,0.5651053504118899,0.4348946495881101,0.0,0.0,-0.5651053504118899,0.5651053504118899
15,16,630.2,0.0,0.0,0.0,1.0,0.0,1.0,0.0,0.0,0,1.0,0,0.4984253378371976,0.4984253378371976,0.5015746621628023,0.36722420996671357,0.6327757900332864,0.5015746621628023,-0.5015746621628023,0.0,0.0
16,17,365.7,0.0,0.0,0.0,1.0,0.0,1.0,0.0,0.0,0,1.0,0,0.6740601395513155,0.6740601395513155,0.3259398604486845,0.4643055974096895,0.5356944025903104,0.3259398604486845,-0.3259398604486845,0.0,0.0
17,18,697.1,0.0,0.0,0.0,1.0,0.0,1.0,0.0,0.0,2,1.0,0,0.7881934622231269,0.7881934622231269,0.21180653777687306,0.490404196608736,0.509595803391264,0.21180653777687308,-0.21180653777687306,0.0,0.0
18,19,432.6,1.0,1.0,0.0,1.0,0.0,1.0,0.0,0.0,0,1.0,0,0.4974203394358311,0.8623610828596738,0.13763891714032614,0.4974203394358311,0.5025796605641689,0.0,0.0,0.5025796605641689,-0.5025796605641689
19,20,400.0,0.0,0.0,0.0,1.0,0.0,1.0,0.0,0.0,0,1.0,0,0.5974143130416432,0.5974143130416432,0.40258568695835684,0.6734070582387944,0.32659294176120557,0.40258568695835684,-0.40258568695835684,0.0,0.0
20,21,299.5,0.0,0.0,0.0,1.0,0.0,1.0,0.0,0.0,0,1.0,0,0.7383864606317507,0.7383864606317507,0.26161353936824927,0.5466173942344852,0.4533826057655148,0.26161353936824927,-0.26161353936824927,0.0,0.0
21,22,398.9,0.0,1.0,1.0,1.0,1.0,1.0,0.0,0.0,0,1.0,0,0.4874677451582116,0.8299948403583904,0.17000515964160956,0.5125322548417884,0.4874677451582116,0.0,0.0,-0.5125322548417884,0.5125322548417883
22,23,442.4,0.0,1.0,1.0,1.0,1.0,1.0,0.0,0.0,0,1.0,0,0.6669395321959882,0.5887132261199476,0.4112867738800524,0.33306046780401183,0.6669395321959882,0.0,0.0,-0.33306046780401183,0.3330604678040118
23,24,421.8,1.0,1.0,0.0,0.0,1.0,1.0,0.0,0.0,1,1.0,0,0.783566255263155,0.5238489683052672,0.47615103169473283,0.21643374473684493,0.783566255263155,0.0,0.0,0.783566255263155,-0.783566255263155
24,25,1249.2,0.0,1.0,1.0,0.0,0.0,1.0,0.0,0.0,1,1.0,1,0.49081264433992844,0.5064113696920075,0.49358863030799255,0.49081264433992844,0.5091873556600716,0.0,0.0,-0.49081264433992844,0.49081264433992844
25,26,824.6,1.0,1.0,0.0,1.0,0.0,1.0,0.0,0.0,2,1.0,1,0.31894634412509637,0.5017235823705847,0.49827641762941527,0.31894634412509637,0.6810536558749036,0.0,0.0,0.6810536558749036,-0.6810536558749036
26,27,672.1,0.0,1.0,1.0,1.0,1.0,1.0,0.0,0.0,0,1.0,0,0.4425712666519842,0.5004633543736986,0.4995366456263014,0.5574287333480158,0.4425712666519842,0.0,0.0,-0.5574287333480158,0.5574287333480158
27,28,611.5,0.0,0.0,0.0,1.0,0.0,1.0,0.0,0.0,0,1.0,0,0.5001245645576851,0.5001245645576851,0.49987543544231494,0.3622356894467018,0.6377643105532982,0.49987543544231494,-0.49987543544231494,0.0,0.0
28,29,726.9,0.0,1.0,1.0,1.0,1.0,1.0,0.0,0.0,2,1.0,0,0.5370354773429192,0.6751643534638727,0.3248356465361273,0.46296452265708077,0.5370354773429192,0.0,0.0,-0.46296452265708077,0.46296452265708077
29,30,786.4,0.0,1.0,1.0,1.0,1.0,1.0,0.0,0.0,2,1.0,0,0.6991502894965581,0.5470898117077176,0.45291018829228236,0.3008497105034419,0.6991502894965581,0.0,0.0,-0.3008497105034419,0.3008497105034419
30,31,381.8,0.0,1.0,1.0,1.0,1.0,1.0,0.0,0.0,0,1.0,0,0.8044978742851832,0.5126592558521084,0.4873407441478917,0.19550212571481687,0.8044978742851832,0.0,0.0,-0.19550212571481687,0.19550212571481684
31,32,373.3,0.0,0.0,0.0,1.0,0.0,1.0,0.0,0.0,0,1.0,0,0.5034032151099656,0.5034032151099656,0.49659678489003445,0.12704376911333204,0.872956230886668,0.49659678489003445,-0.49659678489003445,0.0,0.0
32,33,488.7,0.0,1.0,1.0,1.0,1.0,1.0,0.0,0.0,0,1.0,0,0.6002626295840237,0.6772949293962021,0.32270507060379794,0.3997373704159763,0.6002626295840237,0.0,0.0,-0.3997373704159763,0.39973737041597635
33,34,548.2,1.0,1.0,0.0,1.0,0.0,1.0,0.0,0.0,0,1.0,0,0.25976260875637586,0.5476625790402165,0.45233742095978346,0.25976260875637586,0.7402373912436241,0.0,0.0,0.7402373912436242,-0.7402373912436241
34,35,459.5,0.0,0.0,0.0,1.0,0.0,1.0,0.0,0.0,0,1.0,0,0.5128132341319714,0.5128132341319714,0.48718676586802856,0.5189691780671883,0.4810308219328116,0.48718676586802856,-0.48718676586802856,0.0,0.0
35,36,463.0,0.0,0.0,0.0,1.0,0.0,1.0,0.0,0.0,0,1.0,0,0.6834098720323126,0.6834098720323126,0.3165901279676874,0.5050995251360791,0.49490047486392086,0.3165901279676874,-0.3165901279676874,0.0,0.0
36,37,990.2,0.0,1.0,1.0,1.0,1.0,1.0,0.0,0.0,2,1.0,0,0.4986290836365501,0.7942692286642546,0.2057307713357453,0.5013709163634499,0.4986290836365501,0.0,0.0,-0.5013709163634499,0.5013709163634499
37,38,421.6,0.0,1.0,1.0,1.0,1.0,1.0,0.0,0.0,0,1.0,0,0.6741925403331285,0.579109032717853,0.42089096728214703,0.3258074596668715,0.6741925403331285,0.0,0.0,-0.3258074596668715,0.3258074596668715
38,39,409.1,0.0,0.0,0.0,1.0,0.0,1.0,0.0,0.0,0,1.0,0,0.5212670522363541,0.5212670522363541,0.4787329477636459,0.21172049935507292,0.788279500644927,0.47873294776364594,-0.4787329477636459,0.0,0.0
39,40,360.5,0.0,0.0,0.0,1.0,0.0,1.0,0.0,0.0,0,1.0,0,0.6889034435802044,0.6889034435802044,0.3110965564197955,0.4225011988106112,0.5774988011893888,0.3110965564197956,-0.3110965564197955,0.0,0.0
40,41,323.9,0.0,0.0,0.0,1.0,0.0,1.0,0.0,0.0,0,1.0,0,0.7978391337626576,0.7978391337626576,0.20216086623734233,0.4791658297854829,0.5208341702145172,0.20216086623734242,-0.20216086623734233,0.0,0.0
41,42,663.3,1.0,1.0,0.0,1.0,0.0,1.0,0.0,0.0,0,1.0,0,0.49439910499432466,0.8686291603219042,0.13137083967809574,0.49439910499432466,0.5056008950056753,0.0,0.0,0.5056008950056754,-0.5056008950056753
42,43,554.8,0.0,1.0,1.0,1.0,1.0,1.0,0.0,0.0,0,1.0,0,0.3285562401622873,0.5990993738524131,0.4009006261475869,0.6714437598377128,0.3285562401622873,0.0,0.0,-0.6714437598377128,0.6714437598377128
43,44,394.2,1.0,0.0,1.0,1.0,1.0,1.0,0.0,0.0,0,1.0,0,0.4733589011532228,0.5266410988467772,0.4733589011532228,0.43632643729840004,0.5636735627016001,-0.5266410988467772,0.5266410988467771,0.0,0.0
44,45,401.7,0.0,0.0,0.0,1.0,0.0,1.0,0.0,0.0,0,1.0,0,0.34222886284663395,0.34222886284663395,0.6577711371533661,0.4828824985273256,0.5171175014726744,0.6577711371533661,-0.6577711371533661,0.0,0.0
45,46,537.1,1.0,0.0,1.0,1.0,1.0,1.0,0.0,0.0,0,1.0,0,0.4274415133461271,0.572558486653873,0.4274415133461271,0.4953982650846762,0.5046017349153238,-0.572558486653873,0.5725584866538729,0.0,0.0
46,47,852.6,1.0,0.0,1.0,1.0,1.0,1.0,0.0,0.0,2,1.0,0,0.6279324947676487,0.37206750523235144,0.6279324947676487,0.4987629056574224,0.5012370943425777,-0.37206750523235144,0.3720675052323513,0.0,0.0
47,48,468.1,0.0,0.0,0.0,1.0,0.0,1.0,0.0,0.0,0,1.0,0,0.24178181212343652,0.24178181212343652,0.7582181878765635,0.49966742925427077,0.5003325707457292,0.7582181878765635,-0.7582181878765635,0.0,0.0
48,49,479.5,0.0,0.0,0.0,1.0,0.0,1.0,0.0,0.0,0,1.0,0,0.5072846597144767,0.5072846597144767,0.49271534028552333,0.49991059428767215,0.5000894057123279,0.49271534028552333,-0.49271534028552333,0.0,0.0
49,50,602.8,1.0,0.0,1.0,1.0,1.0,1.0,0.0,0.0,0,1.0,0,0.32018277909234394,0.6798172209076561,0.32018277909234394,0.4999759648691309,0.5000240351308691,-0.6798172209076561,0.6798172209076561,0.0,0.0
50,51,566.3,0.0,1.0,1.0,1.0,1.0,1.0,0.0,0.0,0,1.0,0,0.5000064614161764,0.4417677901786297,0.5582322098213703,0.4999935385838236,0.5000064614161764,0.0,0.0,-0.4999935385838236,0.49999353858382356
51,52,433.7,0.0,1.0,1.0,1.0,1.0,1.0,0.0,0.0,0,1.0,0,0.6750876061232158,0.4843453091819952,0.5156546908180049,0.3249123938767843,0.6750876061232158,0.0,0.0,-0.3249123938767843,0.32491239387678417
52,53,341.2,0.0,1.0,1.0,1.0,1.0,1.0,0.0,0.0,0,1.0,0,0.788861144098477,0.4957915156344043,0.5042084843655957,0.21113885590152315,0.788861144098477,0.0,0.0,-0.21113885590152315,0.21113885590152304
53,54,344.6,0.0,0.0,0.0,1.0,0.0,1.0,0.0,0.0,0,1.0,0,0.4988686240526007,0.4988686240526007,0.5011313759473993,0.1372050353004077,0.8627949646995924,0.5011313759473993,-0.5011313759473993,0.0,0.0
54,55,716.1,0.0,1.0,1.0,1.0,1.0,1.0,0.0,0.0,2,1.0,0,0.5975309544343759,0.674348201644732,0.32565179835526803,0.40246904556562413,0.5975309544343759,0.0,0.0,-0.40246904556562413,0.40246904556562413
55,56,439.5,0.0,1.0,1.0,1.0,1.0,1.0,0.0,0.0,0,1.0,0,0.7384622580795442,0.5468704038503069,0.45312959614969306,0.26153774192045576,0.7384622580795442,0.0,0.0,-0.26153774192045576,0.26153774192045576
56,57,367.0,1.0,0.0,1.0,1.0,1.0,1.0,0.0,0.0,0,1.0,0,0.48739972803638465,0.5126002719636154,0.48739972803638465,0.16995590394466176,0.8300440960553382,-0.5126002719636154,0.5126002719636154,0.0,0.0
57,58,458.3,1.0,1.0,0.0,1.0,0.0,1.0,0.0,0.0,0,1.0,0,0.4112735323645903,0.333104667586953,0.666895332413047,0.4112735323645903,0.5887264676354097,0.0,0.0,0.5887264676354097,-0.5887264676354097
58,59,429.7,1.0,0.0,1.0,1.0,1.0,1.0,0.0,0.0,0,1.0,0,0.544866832907577,0.455133167092423,0.544866832907577,0.6174260041843014,0.3825739958156987,-0.455133167092423,0.455133167092423,0.0,0.0
59,60,425.2,1.0,1.0,0.0,1.0,0.0,1.0,0.0,0.0,0,1.0,0,0.5315678864864984,0.29576063577055584,0.7042393642294442,0.5315678864864984,0.4684321135135016,0.0,0.0,0.46843211351350156,-0.4684321135135016
60,61,564.6,0.0,1.0,1.0,1.0,1.0,1.0,0.0,0.0,0,1.0,0,0.3044027324863463,0.4450938903111237,0.5549061096888763,0.6955972675136537,0.3044027324863463,0.0,0.0,-0.6955972675136537,0.6955972675136537
61,62,340.1,0.0,0.0,0.0,1.0,0.0,1.0,0.0,0.0,0,1.0,0,0.4852394718689968,0.4852394718689968,0.5147605281310031,0.45202218813097916,0.5479778118690208,0.5147605281310033,-0.5147605281310031,0.0,0.0
62,63,387.5,0.0,1.0,1.0,1.0,1.0,1.0,0.0,0.0,0,1.0,0,0.5128979788546216,0.6654915262664294,0.3345084737335706,0.4871020211453784,0.5128979788546216,0.0,0.0,-0.4871020211453784,0.48710202114537837
63,64,759.0,0.0,1.0,1.0,1.0,1.0,1.0,0.0,0.0,2,1.0,0,0.6834649419653815,0.5444894446672693,0.45551055533273066,0.31653505803461857,0.6834649419653815,0.0,0.0,-0.31653505803461857,0.31653505803461846
64,65,506.4,0.0,0.0,0.0,1.0,0.0,1.0,0.0,0.0,0,1.0,0,0.5119601935606991,0.5119601935606991,0.4880398064393009,0.20569498506571732,0.7943050149342827,0.4880398064393009,-0.4880398064393009,0.0,0.0
65,66,473.9,0.0,1.0,1.0,1.0,1.0,1.0,0.0,0.0,0,1.0,0,0.579118653218166,0.6828555379605741,0.3171444620394259,0.420881346781834,0.579118653218166,0.0,0.0,-0.420881346781834,0.420881346781834
66,67,605.2,0.0,0.0,0.0,1.0,0.0,1.0,0.0,0.0,0,1.0,0,0.54915744945819,0.54915744945819,0.45084255054181,0.2735026662710456,0.7264973337289544,0.45084255054181,-0.45084255054181,0.0,0.0
67,68,464.7,1.0,0.0,1.0,1.0,1.0,1.0,0.0,0.0,0,1.0,0,0.2929724507499742,0.7070275492500258,0.2929724507499742,0.439110232266542,0.560889767733458,-0.7070275492500258,0.7070275492500258,0.0,0.0
68,69,732.1,1.0,1.0,0.0,1.0,0.0,1.0,0.0,0.0,0,1.0,0,0.48363087214496203,0.45944996452218967,0.5405500354778102,0.48363087214496203,0.516369127855038,0.0,0.0,0.516369127855038,-0.516369127855038
69,70,479.6,0.0,0.0,0.0,1.0,0.0,1.0,0.0,0.0,0,1.0,0,0.4890988463255728,0.4890988463255728,0.5109011536744271,0.6644462047836638,0.3355537952163362,0.5109011536744272,-0.5109011536744271,0.0,0.0
70,71,351.0,0.0,0.0,0.0,1.0,0.0,1.0,0.0,0.0,0,1.0,0,0.6679994758633476,0.6679994758633476,0.3320005241366524,0.5442084286339037,0.45579157136609627,0.3320005241366524,-0.3320005241366524,0.0,0.0
71,72,410.5,1.0,0.0,1.0,1.0,1.0,1.0,0.0,0.0,0,1.0,0,0.215744958167099,0.7842550418329011,0.215744958167099,0.5118846474131162,0.4881153525868837,-0.7842550418329011,0.7842550418329011,0.0,0.0
72,73,705.6,0.0,1.0,1.0,1.0,1.0,1.0,0.0,0.0,2,1.0,0,0.496805024550776,0.5096349520307771,0.4903650479692229,0.503194975449224,0.496805024550776,0.0,0.0,-0.503194975449224,0.503194975449224
73,74,421.0,0.0,1.0,1.0,1.0,1.0,1.0,0.0,0.0,0,1.0,0,0.6730072062069912,0.5025901849775375,0.49740981502246256,0.32699279379300883,0.6730072062069912,0.0,0.0,-0.32699279379300883,0.32699279379300883
74,75,328.5,1.0,1.0,0.0,1.0,0.0,1.0,0.0,0.0,0,1.0,0,0.21249076880607015,0.5006963250254314,0.4993036749745687,0.21249076880607015,0.7875092311939299,0.0,0.0,0.7875092311939298,-0.7875092311939299
75,76,427.9,0.0,0.0,0.0,1.0,0.0,1.0,0.0,0.0,0,1.0,0,0.5001871945614876,0.5001871945614876,0.49981280543851236,0.4882503677307242,0.5117496322692758,0.49981280543851236,-0.49981280543851236,0.0,0.0
76,77,607.4,0.0,1.0,1.0,1.0,1.0,1.0,0.0,0.0,0,1.0,0,0.50315867903631,0.6752050525187477,0.32479494748125226,0.49684132096369005,0.50315867903631,0.0,0.0,-0.49684132096369005,0.49684132096369005
77,78,322.8,0.0,1.0,1.0,1.0,1.0,1.0,0.0,0.0,0,1.0,0,0.6771360217405037,0.5471007529225987,0.45289924707740126,0.3228639782594963,0.6771360217405037,0.0,0.0,-0.3228639782594963,0.3228639782594963
78,79,374.3,0.0,1.0,1.0,1.0,1.0,1.0,0.0,0.0,0,1.0,0,0.7901922725441618,0.512662197202551,0.487337802797449,0.20980772745583817,0.7901922725441618,0.0,0.0,-0.20980772745583817,0.2098077274558382
79,80,373.7,0.0,0.0,0.0,1.0,0.0,1.0,0.0,0.0,0,1.0,0,0.5034040058395619,0.5034040058395619,0.49659599416043804,0.13634002386231991,0.8636599761376801,0.4965959941604381,-0.49659599416043804,0.0,0.0
80,81,593.1,1.0,0.0,1.0,1.0,1.0,1.0,0.0,0.0,0,1.0,0,0.3227045567614655,0.6772954432385345,0.3227045567614655,0.40223650267125616,0.5977634973287438,-0.6772954432385345,0.6772954432385345,0.0,0.0
81,82,496.6,0.0,0.0,0.0,1.0,0.0,1.0,0.0,0.0,0,1.0,0,0.44012905536293584,0.44012905536293584,0.5598709446370642,0.47371802772618343,0.5262819722738166,0.5598709446370642,-0.5598709446370642,0.0,0.0
82,83,480.0,0.0,1.0,1.0,1.0,1.0,1.0,0.0,0.0,0,1.0,0,0.5070654394070923,0.6361772806118211,0.3638227193881789,0.49293456059290774,0.5070654394070923,0.0,0.0,-0.49293456059290774,0.49293456059290774
83,84,435.4,0.0,1.0,1.0,1.0,1.0,1.0,0.0,0.0,0,1.0,0,0.6796747642769956,0.5366088326538554,0.4633911673461446,0.3203252357230044,0.6796747642769956,0.0,0.0,-0.3203252357230044,0.3203252357230044
84,85,374.9,0.0,1.0,1.0,1.0,1.0,1.0,0.0,0.0,0,1.0,0,0.7918420316936595,0.5098416316015173,0.4901583683984827,0.20815796830634048,0.7918420316936595,0.0,0.0,-0.20815796830634048,0.20815796830634048
85,86,358.3,0.0,0.0,0.0,1.0,0.0,1.0,0.0,0.0,0,1.0,0,0.5026457470932164,0.5026457470932164,0.4973542529067836,0.1352679556189949,0.8647320443810051,0.4973542529067836,-0.4973542529067836,0.0,0.0
86,87,389.8,0.0,1.0,1.0,1.0,1.0,1.0,0.0,0.0,0,1.0,0,0.5980517037515558,0.6768027015420099,0.3231972984579901,0.4019482962484442,0.5980517037515558,0.0,0.0,-0.4019482962484442,0.4019482962484442
87,88,393.2,0.0,1.0,1.0,1.0,1.0,1.0,0.0,0.0,0,1.0,0,0.7388006582671425,0.5475302523623689,0.45246974763763115,0.2611993417328576,0.7388006582671425,0.0,0.0,-0.2611993417328576,0.2611993417328575
88,89,324.6,0.0,1.0,1.0,1.0,1.0,1.0,0.0,0.0,0,1.0,0,0.8302639997271983,0.5127776604651806,0.48722233953481936,0.16973600027280172,0.8302639997271983,0.0,0.0,-0.16973600027280172,0.16973600027280167
89,90,376.0,0.0,0.0,0.0,1.0,0.0,1.0,0.0,0.0,0,1.0,0,0.5034350460779944,0.5034350460779944,0.49656495392200556,0.11030008574092956,0.8896999142590705,0.4965649539220056,-0.49656495392200556,0.0,0.0
90,91,443.5,0.0,1.0,1.0,1.0,1.0,1.0,0.0,0.0,0,1.0,0,0.604763870171554,0.6773156142155519,0.32268438578444814,0.395236129828446,0.604763870171554,0.0,0.0,-0.395236129828446,0.395236129828446
91,92,326.9,0.0,0.0,0.0,1.0,0.0,1.0,0.0,0.0,0,1.0,0,0.5476681397849065,0.5476681397849065,0.45233186021509353,0.2568375532469543,0.7431624467530458,0.45233186021509353,-0.45233186021509353,0.0,0.0
92,93,306.4,0.0,1.0,1.0,1.0,1.0,1.0,0.0,0.0,0,1.0,0,0.5653698860844452,0.706059746400931,0.29394025359906895,0.43463011391555484,0.5653698860844452,0.0,0.0,-0.43463011391555484,0.43463011391555484
93,94,517.8,1.0,1.0,0.0,1.0,0.0,1.0,0.0,0.0,0,1.0,0,0.2824370714134088,0.5553954869622556,0.4446045130377444,0.2824370714134088,0.7175629285865912,0.0,0.0,0.7175629285865912,-0.7175629285865912
94,95,389.3,0.0,1.0,1.0,1.0,1.0,1.0,0.0,0.0,0,1.0,0,0.466296203636277,0.5148920884810502,0.4851079115189498,0.533703796363723,0.466296203636277,0.0,0.0,-0.533703796363723,0.533703796363723
95,96,364.7,0.0,0.0,0.0,1.0,0.0,1.0,0.0,0.0,0,1.0,0,0.5040034723312125,0.5040034723312125,0.4959965276687876,0.3468184380718621,0.6531815619281379,0.49599652766878755,-0.4959965276687876,0.0,0.0
96,97,416.1,0.0,0.0,0.0,1.0,0.0,1.0,0.0,0.0,0,1.0,0,0.6776849964583676,0.6776849964583676,0.32231500354163245,0.45881986965014643,0.5411801303498536,0.32231500354163245,-0.32231500354163245,0.0,0.0
97,98,307.6,0.0,0.0,0.0,1.0,0.0,1.0,0.0,0.0,0,1.0,0,0.7905490145337967,0.7905490145337967,0.20945098546620328,0.48892945655935743,0.5110705434406426,0.20945098546620333,-0.20945098546620328,0.0,0.0
98,99,283.0,0.0,0.0,0.0,1.0,0.0,1.0,0.0,0.0,0,1.0,0,0.8638917989211843,0.8638917989211843,0.1361082010788157,0.4970238818811415,0.5029761181188586,0.13610820107881572,-0.1361082010788157,0.0,0.0
99,100,262.5,0.0,0.0,0.0,1.0,0.0,1.0,0.0,0.0,0,1.0,0,0.9115523741285975,0.9115523741285975,0.08844762587140256,0.49919992373410677,0.5008000762658932,0.08844762587140254,-0.08844762587140256,0.0,0.0
100,101,333.8,0.0,1.0,1.0,1.0,1.0,1.0,0.0,0.0,0,1.0,0,0.5002150862316886,0.9425237975354801,0.05747620246451993,0.49978491376831136,0.5002150862316886,0.0,0.0,-0.49978491376831136,0.49978491376831136
101,102,301.3,0.0,1.0,1.0,1.0,1.0,1.0,0.0,0.0,0,1.0,0,0.6752231774516417,0.6189646288759763,0.38103537112402386,0.3247768225483583,0.6752231774516417,0.0,0.0,-0.3247768225483583,0.32477682254835827
102,103,324.7,0.0,0.0,0.0,1.0,0.0,1.0,0.0,0.0,0,1.0,0,0.5319815182876443,0.5319815182876443,0.4680184817123557,0.21105075715331795,0.7889492428466821,0.4680184817123557,-0.4680184817123557,0.0,0.0
103,104,404.2,0.0,1.0,1.0,1.0,1.0,1.0,0.0,0.0,0,1.0,0,0.5776788494329366,0.6958660591845911,0.3041339408154089,0.42232115056706343,0.5776788494329366,0.0,0.0,-0.42232115056706343,0.42232115056706343
104,105,491.6,0.0,0.0,0.0,0.0,1.0,1.0,0.0,0.0,1,1.0,0,0.44734490400275784,0.5526550959972422,0.44734490400275784,0.27443829855120816,0.7255617014487918,0.44734490400275784,-0.44734490400275784,0.0,0.0
105,106,615.1,0.0,1.0,1.0,1.0,1.0,1.0,0.0,0.0,0,1.0,1,0.560638239685489,0.7093004360420374,0.29069956395796265,0.43936176031451096,0.560638239685489,0.0,0.0,-0.43936176031451096,0.439361760314511
106,107,362.5,0.0,1.0,1.0,1.0,1.0,1.0,0.0,0.0,0,1.0,0,0.7144881477347871,0.556266688562268,0.4437333114377321,0.28551185226521286,0.7144881477347871,0.0,0.0,-0.28551185226521286,0.2855118522652129
107,108,330.0,0.0,0.0,0.0,1.0,0.0,1.0,0.0,0.0,0,1.0,0,0.5151262954900265,0.5151262954900265,0.48487370450997347,0.1855350764380585,0.8144649235619414,0.48487370450997347,-0.48487370450997347,0.0,0.0
108,109,517.1,1.0,1.0,0.0,1.0,0.0,1.0,0.0,0.0,0,1.0,0,0.41546171497577106,0.6849129760627332,0.31508702393726684,0.41546171497577106,0.5845382850242289,0.0,0.0,0.5845382850242289,-0.5845382850242289
109,110,384.5,0.0,0.0,0.0,1.0,0.0,1.0,0.0,0.0,0,1.0,0,0.5497105549897383,0.5497105549897383,0.45028944501026164,0.6201476242317246,0.37985237576827535,0.4502894450102617,-0.45028944501026164,0.0,0.0
110,111,372.0,0.0,1.0,1.0,1.0,1.0,1.0,0.0,0.0,0,1.0,0,0.46770045451417475,0.7073869755794757,0.2926130244205243,0.5322995454858253,0.46770045451417475,0.0,0.0,-0.5322995454858253,0.5322995454858253
111,112,403.5,0.0,1.0,1.0,1.0,1.0,1.0,0.0,0.0,0,1.0,0,0.6540940907492776,0.5557522888507378,0.44424771114926226,0.34590590925072245,0.6540940907492776,0.0,0.0,-0.34590590925072245,0.3459059092507224
112,113,410.9,1.0,0.0,1.0,1.0,1.0,1.0,0.0,0.0,0,1.0,0,0.4850119916961472,0.5149880083038528,0.4850119916961472,0.22478113887052953,0.7752188611294705,-0.5149880083038528,0.5149880083038527,0.0,0.0
113,114,350.3,0.0,0.0,0.0,1.0,0.0,1.0,0.0,0.0,0,1.0,0,0.3346562978989177,0.3346562978989177,0.6653437021010824,0.426012318758267,0.573987681241733,0.6653437021010823,-0.6653437021010824,0.0,0.0
114,115,457.8,1.0,1.0,0.0,1.0,0.0,1.0,0.0,0.0,0,1.0,0,0.48010973174926014,0.5676375826519556,0.43236241734804437,0.48010973174926014,0.5198902682507399,0.0,0.0,0.5198902682507398,-0.5198902682507399
115,116,333.2,0.0,0.0,0.0,1.0,0.0,1.0,0.0,0.0,0,1.0,0,0.518183157522987,0.518183157522987,0.48181684247701295,0.6621580509039473,0.33784194909605275,0.48181684247701295,-0.48181684247701295,0.0,0.0
116,117,428.6,0.0,1.0,1.0,1.0,1.0,1.0,0.0,0.0,0,1.0,0,0.45640670071874934,0.686899426455059,0.313100573544941,0.5435932992812507,0.45640670071874934,0.0,0.0,-0.5435932992812507,0.5435932992812507
117,118,496.0,0.0,1.0,1.0,1.0,1.0,1.0,0.0,0.0,0,1.0,0,0.6467550347448338,0.5502445767418332,0.44975542325816675,0.35324496525516624,0.6467550347448338,0.0,0.0,-0.35324496525516624,0.35324496525516624
118,119,351.5,0.0,0.0,0.0,1.0,0.0,1.0,0.0,0.0,0,1.0,0,0.5135073581543227,0.5135073581543227,0.4864926418456773,0.22955030101201157,0.7704496989879884,0.4864926418456773,-0.4864926418456773,0.0,0.0
119,120,1162.9,1.0,0.0,1.0,1.0,1.0,1.0,0.0,0.0,2,1.0,0,0.3161390631431532,0.6838609368568468,0.3161390631431532,0.4272944229238973,0.5727055770761027,-0.6838609368568468,0.6838609368568468,0.0,0.0
120,121,318.4,1.0,0.0,1.0,1.0,1.0,1.0,0.0,0.0,0,1.0,0,0.5556044690050976,0.44439553099490237,0.5556044690050976,0.4804544025829961,0.5195455974170039,-0.44439553099490237,0.44439553099490237,0.0,0.0
121,122,489.8,0.0,0.0,0.0,1.0,0.0,1.0,0.0,0.0,0,1.0,0,0.28878296350122046,0.28878296350122046,0.7112170364987795,0.49474551480434975,0.5052544851956502,0.7112170364987795,-0.7112170364987795,0.0,0.0
122,123,509.2,0.0,0.0,0.0,1.0,0.0,1.0,0.0,0.0,0,1.0,0,0.5378275676335971,0.5378275676335971,0.46217243236640293,0.4985874253888352,0.5014125746111647,0.46217243236640293,-0.46217243236640293,0.0,0.0
123,124,412.7,0.0,0.0,0.0,1.0,0.0,1.0,0.0,0.0,0,1.0,0,0.6996650160533044,0.6996650160533044,0.3003349839466955,0.49962025451441766,0.5003797454855823,0.30033498394669556,-0.3003349839466955,0.0,0.0
124,125,448.1,1.0,1.0,0.0,1.0,0.0,1.0,0.0,0.0,0,1.0,0,0.4998979122004032,0.8048323606831835,0.19516763931681638,0.4998979122004032,0.5001020877995969,0.0,0.0,0.5001020877995968,-0.5001020877995969
125,126,459.6,0.0,1.0,1.0,1.0,1.0,1.0,0.0,0.0,0,1.0,0,0.32498293275944706,0.5819487423275922,0.41805125767240775,0.6750170672405529,0.32498293275944706,0.0,0.0,-0.6750170672405529,0.6750170672405529
126,127,551.0,0.0,0.0,0.0,1.0,0.0,1.0,0.0,0.0,0,1.0,0,0.5220304575079341,0.5220304575079341,0.4779695424920659,0.43864849103053993,0.5613515089694601,0.4779695424920659,-0.4779695424920659,0.0,0.0
127,128,406.4,1.0,0.0,1.0,1.0,1.0,1.0,0.0,0.0,0,1.0,0,0.31060047034038385,0.6893995296596162,0.31060047034038385,0.48350674125057025,0.5164932587494298,-0.6893995296596162,0.6893995296596162,0.0,0.0
128,129,433.8,0.0,1.0,1.0,1.0,1.0,1.0,0.0,0.0,0,1.0,0,0.5044339183949176,0.4479946923987748,0.5520053076012252,0.4955660816050824,0.5044339183949176,0.0,0.0,-0.4955660816050824,0.4955660816050824
129,130,421.3,0.0,0.0,0.0,1.0,0.0,1.0,0.0,0.0,0,1.0,0,0.4860193007634472,0.4860193007634472,0.5139806992365529,0.32203528540489523,0.6779647145951048,0.5139806992365528,-0.5139806992365529,0.0,0.0
130,131,440.7,0.0,0.0,0.0,1.0,0.0,1.0,0.0,0.0,0,1.0,0,0.6659982849610073,0.6659982849610073,0.3340017150389927,0.45215736115721955,0.5478426388427804,0.3340017150389927,-0.3340017150389927,0.0,0.0
131,132,380.2,0.0,0.0,0.0,1.0,0.0,1.0,0.0,0.0,0,1.0,0,0.782954601574162,0.782954601574162,0.2170453984258381,0.4871383600021592,0.5128616399978408,0.21704539842583803,-0.2170453984258381,0.0,0.0
132,133,435.6,1.0,1.0,0.0,1.0,0.0,1.0,0.0,0.0,0,1.0,0,0.4965423775227436,0.8589566973560865,0.1410433026439135,0.4965423775227436,0.5034576224772565,0.0,0.0,0.5034576224772565,-0.5034576224772565
133,134,371.1,1.0,1.0,0.0,1.0,0.0,1.0,0.0,0.0,0,1.0,0,0.6728365294521188,0.5964991047291398,0.4035008952708602,0.6728365294521188,0.3271634705478812,0.0,0.0,0.3271634705478812,-0.3271634705478812
134,135,478.5,1.0,0.0,1.0,1.0,1.0,1.0,0.0,0.0,0,1.0,0,0.47405793712134625,0.5259420628786537,0.47405793712134625,0.7873983197746308,0.21260168022536924,-0.5259420628786537,0.5259420628786537,0.0,0.0
135,136,721.9,0.0,1.0,1.0,1.0,1.0,1.0,0.0,0.0,2,1.0,0,0.42273808856838524,0.34177460607673193,0.6582253939232681,0.5772619114316148,0.42273808856838524,0.0,0.0,-0.5772619114316148,0.5772619114316148
136,137,357.4,0.0,1.0,1.0,1.0,1.0,1.0,0.0,0.0,0,1.0,0,0.6248760532618565,0.4574639253941421,0.5425360746058578,0.37512394673814353,0.6248760532618565,0.0,0.0,-0.37512394673814353,0.37512394673814353
137,138,312.9,0.0,1.0,1.0,1.0,1.0,1.0,0.0,0.0,0,1.0,0,0.756232010756747,0.4885649351345427,0.5114350648654573,0.24376798924325302,0.756232010756747,0.0,0.0,-0.24376798924325302,0.24376798924325305
138,139,364.3,1.0,0.0,1.0,1.0,1.0,1.0,0.0,0.0,0,1.0,0,0.5030741132012969,0.49692588679870314,0.5030741132012969,0.15840852895797403,0.8415914710420259,-0.49692588679870314,0.4969258867987031,0.0,0.0
139,140,407.7,0.0,0.0,0.0,1.0,0.0,1.0,0.0,0.0,0,1.0,0,0.32291893194544213,0.32291893194544213,0.6770810680545579,0.4081692265906779,0.5918307734093221,0.6770810680545578,-0.6770810680545579,0.0,0.0
140,141,347.1,0.0,0.0,0.0,1.0,0.0,1.0,0.0,0.0,0,1.0,0,0.5600102527457468,0.5600102527457468,0.43998974725425327,0.47531293471927244,0.5246870652807276,0.4399897472542532,-0.43998974725425327,0.0,0.0
141,142,374.5,0.0,1.0,1.0,1.0,1.0,1.0,0.0,0.0,0,1.0,0,0.5066366771132196,0.7140800609813204,0.2859199390186796,0.49336332288678036,0.5066366771132196,0.0,0.0,-0.49336332288678036,0.4933633228867804
142,143,274.0,0.0,0.0,0.0,1.0,0.0,1.0,0.0,0.0,0,1.0,0,0.5575516054644433,0.5575516054644433,0.44244839453555673,0.32060385969022775,0.6793961403097722,0.44244839453555673,-0.44244839453555673,0.0,0.0
143,144,373.4,0.0,0.0,0.0,1.0,0.0,1.0,0.0,0.0,0,1.0,0,0.7124823503866403,0.7124823503866403,0.2875176496133597,0.45177254788874155,0.5482274521112585,0.2875176496133597,-0.2875176496133597,0.0,0.0
144,145,525.4,1.0,1.0,0.0,1.0,0.0,1.0,0.0,0.0,0,2.0,0,0.487034909819534,0.8131614898818503,0.18683851011814961,0.487034909819534,0.512965090180466,0.0,0.0,0.512965090180466,-0.512965090180466
145,146,456.8,0.0,0.0,0.0,1.0,0.0,1.0,0.0,0.0,0,2.0,0,0.5841878801310231,0.5841878801310231,0.4158121198689769,0.6666582614290848,0.3333417385709152,0.4158121198689769,-0.4158121198689769,0.0,0.0
146,147,500.3,1.0,0.0,1.0,1.0,1.0,1.0,0.0,0.0,0,2.0,0,0.2702085143985512,0.7297914856014488,0.2702085143985512,0.5448031006025995,0.4551968993974005,-0.7297914856014488,0.7297914856014488,0.0,0.0
147,148,431.7,1.0,0.0,1.0,1.0,1.0,1.0,0.0,0.0,0,2.0,0,0.525757274205437,0.4742427257945629,0.525757274205437,0.5120445143636686,0.4879554856363314,-0.4742427257945629,0.47424272579456295,0.0,0.0
148,149,355.2,0.0,1.0,1.0,1.0,1.0,1.0,0.0,0.0,0,2.0,0,0.49676204717295386,0.3081786611742987,0.6918213388257013,0.5032379528270461,0.49676204717295386,0.0,0.0,-0.5032379528270461,0.5032379528270461
149,150,374.5,0.0,0.0,0.0,1.0,0.0,1.0,0.0,0.0,0,2.0,0,0.44843225491830685,0.44843225491830685,0.5515677450816932,0.3270207219193408,0.6729792780806592,0.5515677450816932,-0.5515677450816932,0.0,0.0
150,151,701.9,0.0,1.0,1.0,1.0,1.0,1.0,0.0,0.0,2,2.0,0,0.5465023931700532,0.6415729752282225,0.35842702477177746,0.4534976068299468,0.5465023931700532,0.0,0.0,-0.4534976068299468,0.4534976068299468
151,152,513.4,1.0,1.0,0.0,1.0,0.0,1.0,0.0,0.0,0,2.0,0,0.2946977944352136,0.5380593688987831,0.46194063110121686,0.2946977944352136,0.7053022055647864,0.0,0.0,0.7053022055647864,-0.7053022055647864
152,153,296.9,1.0,1.0,0.0,1.0,0.0,1.0,0.0,0.0,0,2.0,0,0.5416712210607663,0.510231582395147,0.489768417604853,0.5416712210607663,0.45832877893923374,0.0,0.0,0.45832877893923374,-0.45832877893923374
153,154,300.3,0.0,0.0,0.0,1.0,0.0,1.0,0.0,0.0,0,2.0,0,0.5027505784078313,0.5027505784078313,0.4972494215921686,0.7021627496036049,0.2978372503963951,0.49724942159216867,-0.4972494215921686,0.0,0.0
154,155,415.7,0.0,1.0,1.0,1.0,1.0,1.0,0.0,0.0,0,2.0,0,0.4456521511089774,0.6768708244091198,0.3231291755908801,0.5543478488910226,0.4456521511089774,0.0,0.0,-0.5543478488910226,0.5543478488910226
155,156,727.2,0.0,1.0,1.0,1.0,1.0,1.0,0.0,0.0,2,2.0,0,0.6397663715139552,0.5475485659799615,0.4524514340200385,0.3602336284860448,0.6397663715139552,0.0,0.0,-0.3602336284860448,0.3602336284860448
156,157,450.6,0.0,0.0,0.0,1.0,0.0,1.0,0.0,0.0,0,2.0,0,0.5127825837545775,0.5127825837545775,0.4872174162454225,0.23409176630129297,0.7659082336987071,0.4872174162454225,-0.4872174162454225,0.0,0.0
157,158,382.1,1.0,0.0,1.0,1.0,1.0,1.0,0.0,0.0,0,2.0,0,0.3166100456000642,0.6833899543999358,0.3166100456000642,0.42851531485265093,0.5714846851473491,-0.6833899543999358,0.6833899543999358,0.0,0.0
158,159,385.5,0.0,0.0,0.0,1.0,0.0,1.0,0.0,0.0,0,2.0,0,0.444089470964642,0.444089470964642,0.555910529035358,0.4807826175988003,0.5192173824011997,0.555910529035358,-0.555910529035358,0.0,0.0
159,160,533.0,0.0,1.0,1.0,1.0,1.0,1.0,0.0,0.0,0,2.0,0,0.5051662504436117,0.6387508900979397,0.36124910990206033,0.49483374955638826,0.5051662504436117,0.0,0.0,-0.49483374955638826,0.49483374955638826
160,161,368.3,0.0,0.0,0.0,1.0,0.0,1.0,0.0,0.0,0,2.0,0,0.5373007016541056,0.5373007016541056,0.4626992983458944,0.32155939173689335,0.6784406082631067,0.4626992983458944,-0.4626992983458944,0.0,0.0
161,162,315.8,0.0,0.0,0.0,1.0,0.0,1.0,0.0,0.0,0,2.0,0,0.6993226410555522,0.6993226410555522,0.3006773589444478,0.452029425633947,0.547970574366053,0.3006773589444478,-0.3006773589444478,0.0,0.0
162,163,315.2,1.0,1.0,0.0,1.0,0.0,1.0,0.0,0.0,0,2.0,0,0.48710396681894297,0.8046098740477796,0.19539012595222038,0.48710396681894297,0.512896033181057,0.0,0.0,0.512896033181057,-0.512896033181057
163,164,366.7,0.0,1.0,1.0,1.0,1.0,1.0,0.0,0.0,0,2.0,0,0.33329686304101236,0.5818889307645574,0.41811106923544256,0.6667031369589876,0.33329686304101236,0.0,0.0,-0.6667031369589876,0.6667031369589876
164,165,410.1,0.0,1.0,1.0,1.0,1.0,1.0,0.0,0.0,0,2.0,0,0.5667541767678463,0.5220143782361784,0.4779856217638216,0.43324582323215366,0.5667541767678463,0.0,0.0,-0.43324582323215366,0.43324582323215366
165,166,313.6,0.0,1.0,1.0,1.0,1.0,1.0,0.0,0.0,0,2.0,0,0.7184624866109591,0.5059181728788097,0.49408182712119036,0.28153751338904087,0.7184624866109591,0.0,0.0,-0.28153751338904087,0.28153751338904087
166,167,317.0,0.0,0.0,0.0,1.0,0.0,1.0,0.0,0.0,0,2.0,0,0.5015909952053935,0.5015909952053935,0.49840900479460654,0.18295241914614208,0.8170475808538579,0.4984090047946065,-0.49840900479460654,0.0,0.0
167,168,296.5,0.0,0.0,0.0,1.0,0.0,1.0,0.0,0.0,0,2.0,0,0.6761172887628982,0.6761172887628982,0.3238827112371018,0.41476741363433406,0.5852325863656659,0.3238827112371018,-0.3238827112371018,0.0,0.0
168,169,291.9,0.0,0.0,0.0,1.0,0.0,1.0,0.0,0.0,0,2.0,0,0.7895302660482129,0.7895302660482129,0.21046973395178717,0.4770867396022514,0.5229132603977485,0.21046973395178714,-0.21046973395178717,0.0,0.0
169,170,399.4,0.0,1.0,1.0,1.0,1.0,1.0,0.0,0.0,0,2.0,0,0.5061598213129729,0.8632297823476364,0.1367702176523637,0.49384017868702706,0.5061598213129729,0.0,0.0,-0.49384017868702706,0.4938401786870271
170,171,458.8,0.0,0.0,0.0,1.0,0.0,1.0,0.0,0.0,0,2.0,0,0.5976478474024296,0.5976478474024296,0.4023521525975705,0.3209137364138971,0.6790862635861029,0.4023521525975704,-0.4023521525975705,0.0,0.0
171,172,294.2,0.0,1.0,1.0,1.0,1.0,1.0,0.0,0.0,0,2.0,0,0.5481441472819274,0.73853821900933,0.2614617809906701,0.4518558527180726,0.5481441472819274,0.0,0.0,-0.4518558527180726,0.4518558527180726
172,173,337.7,0.0,0.0,0.0,1.0,0.0,1.0,0.0,0.0,0,2.0,0,0.5641267449461993,0.5641267449461993,0.4358732550538007,0.29363092813098707,0.706369071869013,0.4358732550538007,-0.4358732550538007,0.0,0.0
173,174,337.1,1.0,0.0,1.0,0.0,0.0,1.0,0.0,0.0,1,2.0,0,0.7167550942207748,0.7167550942207748,0.28324490577922523,0.44452135640364426,0.5554786435963558,-0.7167550942207748,0.7167550942207748,0.0,0.0
174,175,476.5,0.0,1.0,1.0,1.0,1.0,1.0,0.0,0.0,0,2.0,1,0.5149144436587139,0.46577124605703146,0.5342287539429685,0.48508555634128614,0.5149144436587139,0.0,0.0,-0.48508555634128614,0.48508555634128614
175,176,467.9,1.0,1.0,0.0,1.0,0.0,1.0,0.0,0.0,0,2.0,0,0.3152246922876498,0.49079821010216773,0.5092017898978323,0.3152246922876498,0.6847753077123502,0.0,0.0,0.6847753077123502,-0.6847753077123502
176,177,339.4,1.0,0.0,1.0,1.0,1.0,1.0,0.0,0.0,0,2.0,0,0.5024737370651858,0.4975262629348141,0.5024737370651858,0.5550102804793934,0.4449897195206066,-0.4975262629348141,0.49752626293481417,0.0,0.0
177,178,322.8,1.0,1.0,0.0,1.0,0.0,1.0,0.0,0.0,0,2.0,0,0.5147885325897523,0.3233090762824326,0.6766909237175673,0.5147885325897523,0.4852114674102477,0.0,0.0,0.4852114674102477,-0.4852114674102477
178,179,402.3,0.0,0.0,0.0,1.0,0.0,1.0,0.0,0.0,0,2.0,0,0.45249979711175076,0.45249979711175076,0.5475002028882492,0.6846934865213249,0.3153065134786751,0.5475002028882492,-0.5475002028882492,0.0,0.0
179,180,377.7,1.0,0.0,1.0,1.0,1.0,1.0,0.0,0.0,0,2.0,0,0.3557838008713047,0.6442161991286952,0.3557838008713047,0.5496515491419598,0.45034845085804026,-0.6442161991286952,0.6442161991286953,0.0,0.0
180,181,468.9,1.0,1.0,0.0,1.0,0.0,1.0,0.0,0.0,0,2.0,0,0.5133479332629947,0.4186330647911286,0.5813669352088713,0.5133479332629947,0.48665206673700534,0.0,0.0,0.48665206673700534,-0.48665206673700534
181,182,332.3,0.0,0.0,0.0,1.0,0.0,1.0,0.0,0.0,0,2.0,0,0.47812595095719596,0.47812595095719596,0.521874049042804,0.6837573372718768,0.3162426627281232,0.521874049042804,-0.521874049042804,0.0,0.0
182,183,403.8,0.0,1.0,1.0,1.0,1.0,1.0,0.0,0.0,0,2.0,0,0.4506001178839796,0.6608689243126278,0.3391310756873722,0.5493998821160204,0.4506001178839796,0.0,0.0,-0.5493998821160204,0.5493998821160204
183,184,371.2,0.0,1.0,1.0,1.0,1.0,1.0,0.0,0.0,0,2.0,0,0.6429817245248006,0.5432467405936398,0.45675325940636025,0.3570182754751994,0.6429817245248006,0.0,0.0,-0.3570182754751994,0.3570182754751994
184,185,326.6,0.0,0.0,0.0,1.0,0.0,1.0,0.0,0.0,0,2.0,0,0.5116261147388474,0.5116261147388474,0.4883738852611526,0.2320023232119448,0.7679976767880552,0.48837388526115255,-0.4883738852611526,0.0,0.0
185,186,314.0,0.0,0.0,0.0,1.0,0.0,1.0,0.0,0.0,0,2.0,0,0.6826384424555826,0.6826384424555826,0.31736155754441747,0.42795360535122723,0.5720463946487728,0.3173615575444174,-0.31736155754441747,0.0,0.0
186,187,297.5,0.0,0.0,0.0,1.0,0.0,1.0,0.0,0.0,0,2.0,0,0.7937679281250665,0.7937679281250665,0.2062320718749336,0.48063161201956334,0.5193683879804366,0.20623207187493353,-0.2062320718749336,0.0,0.0
187,188,341.0,0.0,1.0,1.0,1.0,1.0,1.0,0.0,0.0,0,2.0,0,0.505206845599832,0.8659835557938517,0.1340164442061484,0.49479315440016797,0.505206845599832,0.0,0.0,-0.49479315440016797,0.494793154400168
188,189,496.3,0.0,1.0,1.0,1.0,1.0,1.0,0.0,0.0,0,2.0,0,0.6784669883427866,0.5983881502694437,0.4016118497305563,0.3215330116572133,0.6784669883427866,0.0,0.0,-0.3215330116572133,0.3215330116572134
189,190,315.8,0.0,0.0,0.0,1.0,0.0,1.0,0.0,0.0,0,2.0,0,0.5264498990738677,0.5264498990738677,0.4735501009261322,0.20894282118896385,0.7910571788110361,0.47355010092613226,-0.4735501009261322,0.0,0.0
190,191,315.2,0.0,0.0,0.0,1.0,0.0,1.0,0.0,0.0,0,2.0,0,0.6922714294502678,0.6922714294502678,0.30772857054973213,0.421754469586085,0.5782455304139149,0.30772857054973224,-0.30772857054973213,0.0,0.0
191,192,394.6,0.0,1.0,1.0,1.0,1.0,1.0,0.0,0.0,0,2.0,0,0.5210349150457811,0.800027762749114,0.19997223725088592,0.4789650849542188,0.5210349150457811,0.0,0.0,-0.4789650849542188,0.47896508495421886
192,193,298.1,0.0,0.0,0.0,1.0,0.0,1.0,0.0,0.0,0,2.0,0,0.5806571118812567,0.5806571118812567,0.4193428881187433,0.31124740686980434,0.6887525931301957,0.4193428881187433,-0.4193428881187433,0.0,0.0
193,194,481.5,0.0,1.0,1.0,1.0,1.0,1.0,0.0,0.0,0,2.0,0,0.5507427675441827,0.7274970752226566,0.27250292477734334,0.4492572324558172,0.5507427675441827,0.0,0.0,-0.4492572324558172,0.4492572324558173
194,195,545.0,1.0,0.0,1.0,1.0,1.0,1.0,0.0,0.0,0,2.0,0,0.438841469600144,0.5611585303998561,0.438841469600144,0.29194225844821964,0.7080577415517804,-0.5611585303998561,0.5611585303998561,0.0,0.0
195,196,512.4,1.0,0.0,1.0,1.0,1.0,1.0,0.0,0.0,0,2.0,0,0.6353405646540603,0.3646594353459397,0.6353405646540603,0.44406738768326504,0.555932612316735,-0.3646594353459397,0.3646594353459397,0.0,0.0
196,197,531.9,0.0,1.0,1.0,1.0,1.0,1.0,0.0,0.0,0,2.0,0,0.5150364850509327,0.23696780247119573,0.7630321975288042,0.48496351494906725,0.5150364850509327,0.0,0.0,-0.48496351494906725,0.4849635149490673
197,198,335.4,0.0,0.0,0.0,1.0,0.0,1.0,0.0,0.0,0,2.0,0,0.4292884858719088,0.4292884858719088,0.5707115141280912,0.3151453857409888,0.6848546142590111,0.5707115141280912,-0.5707115141280912,0.0,0.0
198,199,326.8,0.0,0.0,0.0,1.0,0.0,1.0,0.0,0.0,0,2.0,0,0.6291327188074954,0.6291327188074954,0.37086728119250456,0.450305134540088,0.549694865459912,0.37086728119250456,-0.37086728119250456,0.0,0.0
199,200,346.2,1.0,1.0,0.0,1.0,0.0,1.0,0.0,0.0,0,2.0,0,0.48664042191763485,0.7589981332876174,0.24100186671238252,0.48664042191763485,0.5133595780823652,0.0,0.0,0.5133595780823652,-0.5133595780823652
200,201,325.6,1.0,1.0,0.0,1.0,0.0,1.0,0.0,0.0,0,2.0,0,0.6664019100991766,0.5696270279196943,0.43037297208030567,0.6664019100991766,0.3335980899008234,0.0,0.0,0.3335980899008234,-0.3335980899008234
201,202,301.0,1.0,0.0,1.0,1.0,1.0,1.0,0.0,0.0,0,2.0,0,0.4812820156060883,0.5187179843939117,0.4812820156060883,0.7832168905834217,0.21678310941657833,-0.5187179843939117,0.5187179843939117,0.0,0.0
202,203,364.5,0.0,1.0,1.0,1.0,1.0,1.0,0.0,0.0,0,2.0,0,0.4238621912147824,0.33708016014313147,0.6629198398568685,0.5761378087852176,0.4238621912147824,0.0,0.0,-0.5761378087852176,0.5761378087852176
203,204,303.9,0.0,1.0,1.0,1.0,1.0,1.0,0.0,0.0,0,2.0,0,0.625606532465325,0.4562019073481537,0.5437980926518463,0.37439346753467495,0.625606532465325,0.0,0.0,-0.37439346753467495,0.37439346753467495
204,205,355.4,0.0,0.0,0.0,1.0,0.0,1.0,0.0,0.0,0,2.0,0,0.4882256640957603,0.4882256640957603,0.5117743359042397,0.24329329961556617,0.7567067003844339,0.5117743359042397,-0.5117743359042397,0.0,0.0
205,206,502.8,0.0,1.0,1.0,1.0,1.0,1.0,0.0,0.0,0,2.0,0,0.569011017060076,0.6674320530734799,0.3325679469265201,0.4309889829399241,0.569011017060076,0.0,0.0,-0.4309889829399241,0.43098898293992405
206,207,478.3,0.0,1.0,1.0,1.0,1.0,1.0,0.0,0.0,0,2.0,0,0.7199290563270855,0.5450111206826844,0.4549888793173156,0.2800709436729145,0.7199290563270855,0.0,0.0,-0.2800709436729145,0.2800709436729145
207,208,325.7,0.0,1.0,1.0,1.0,1.0,1.0,0.0,0.0,0,2.0,0,0.8180006065241565,0.5121004368513719,0.48789956314862815,0.1819993934758435,0.8180006065241565,0.0,0.0,-0.1819993934758435,0.18199939347584349
208,209,341.2,0.0,0.0,0.0,1.0,0.0,1.0,0.0,0.0,0,2.0,0,0.5032529865902754,0.5032529865902754,0.49674701340972466,0.11826924561035172,0.8817307543896483,0.4967470134097246,-0.49674701340972466,0.0,0.0
209,210,264.6,0.0,0.0,0.0,1.0,0.0,1.0,0.0,0.0,0,2.0,0,0.677197305918708,0.677197305918708,0.32280269408129203,0.3973784962991286,0.6026215037008714,0.32280269408129203,-0.32280269408129203,0.0,0.0
210,211,404.0,1.0,0.0,1.0,1.0,1.0,1.0,0.0,0.0,0,2.0,0,0.20976790296309866,0.7902320970369013,0.20976790296309866,0.47241203937401816,0.5275879606259819,-0.7902320970369013,0.7902320970369013,0.0,0.0
211,212,487.4,1.0,0.0,1.0,1.0,1.0,1.0,0.0,0.0,0,2.0,0,0.48648095914646333,0.5135190408535366,0.48648095914646333,0.49258346892168703,0.507416531078313,-0.5135190408535366,0.5135190408535366,0.0,0.0
212,213,466.9,1.0,0.0,1.0,1.0,1.0,1.0,0.0,0.0,0,2.0,0,0.6662982858986273,0.33370171410137267,0.6662982858986273,0.49800619792157524,0.5019938020784247,-0.33370171410137267,0.3337017141013727,0.0,0.0
213,214,438.3,0.0,0.0,0.0,1.0,0.0,1.0,0.0,0.0,0,2.0,0,0.21685044786090982,0.21685044786090982,0.7831495521390901,0.49946400187824264,0.5005359981217573,0.7831495521390902,-0.7831495521390901,0.0,0.0
214,215,305.8,0.0,0.0,0.0,1.0,0.0,1.0,0.0,0.0,0,2.0,0,0.49108343185842185,0.49108343185842185,0.5089165681415782,0.4998559064665263,0.5001440935334737,0.5089165681415782,-0.5089165681415782,0.0,0.0
215,216,281.2,0.0,0.0,0.0,1.0,0.0,1.0,0.0,0.0,0,2.0,0,0.6692891254019349,0.6692891254019349,0.33071087459806514,0.49996126302398064,0.5000387369760193,0.33071087459806514,-0.33071087459806514,0.0,0.0
216,217,448.4,0.0,1.0,1.0,1.0,1.0,1.0,0.0,0.0,0,2.0,0,0.5000104137449818,0.7850930989006609,0.21490690109933905,0.49998958625501816,0.5000104137449818,0.0,0.0,-0.49998958625501816,0.4999895862550182
217,218,427.8,1.0,1.0,0.0,1.0,0.0,1.0,0.0,0.0,0,2.0,0,0.3249098255223667,0.5766421939220112,0.42335780607798873,0.3249098255223667,0.6750901744776332,0.0,0.0,0.6750901744776333,-0.6750901744776332
218,219,491.2,0.0,0.0,0.0,1.0,0.0,1.0,0.0,0.0,0,2.0,0,0.5206038866315243,0.5206038866315243,0.47939611336847565,0.5613040014607095,0.4386959985392905,0.47939611336847565,-0.47939611336847565,0.0,0.0
219,220,370.7,0.0,1.0,1.0,1.0,1.0,1.0,0.0,0.0,0,2.0,0,0.4835195127968211,0.6884724965627445,0.31152750343725555,0.5164804872031789,0.4835195127968211,0.0,0.0,-0.5164804872031789,0.516480487203179
220,221,314.1,0.0,0.0,0.0,1.0,0.0,1.0,0.0,0.0,0,2.0,0,0.5506674685786088,0.5506674685786088,0.4493325314213912,0.335626160216267,0.664373839783733,0.4493325314213912,-0.4493325314213912,0.0,0.0
221,222,425.6,1.0,1.0,0.0,1.0,0.0,1.0,0.0,0.0,0,2.0,0,0.45581102540542323,0.7080088097851212,0.2919911902148788,0.45581102540542323,0.5441889745945768,0.0,0.0,0.5441889745945767,-0.5441889745945768
222,223,337.0,0.0,0.0,0.0,1.0,0.0,1.0,0.0,0.0,0,2.0,0,0.5559194578841524,0.5559194578841524,0.4440805421158476,0.6463679451584878,0.3536320548415123,0.4440805421158476,-0.4440805421158476,0.0,0.0
223,224,376.4,0.0,1.0,1.0,1.0,1.0,1.0,0.0,0.0,0,2.0,0,0.4606515889719521,0.7114217267254335,0.2885782732745665,0.539348411028048,0.4606515889719521,0.0,0.0,-0.539348411028048,0.539348411028048
224,225,539.8,0.0,1.0,1.0,1.0,1.0,1.0,0.0,0.0,0,2.0,0,0.6495135040002447,0.5568369597212287,0.4431630402787713,0.35048649599975545,0.6495135040002447,0.0,0.0,-0.35048649599975545,0.35048649599975534
225,226,343.3,0.0,1.0,1.0,1.0,1.0,1.0,0.0,0.0,0,2.0,0,0.7722422438511674,0.5152796027181626,0.48472039728183736,0.22775775614883276,0.7722422438511674,0.0,0.0,-0.22775775614883276,0.22775775614883265
226,227,298.7,0.0,1.0,1.0,1.0,1.0,1.0,0.0,0.0,0,2.0,0,0.8519954518133921,0.5041076486210729,0.49589235137892707,0.1480045481866079,0.8519954518133921,0.0,0.0,-0.1480045481866079,0.1480045481866079
227,228,334.2,0.0,1.0,1.0,1.0,1.0,1.0,0.0,0.0,0,2.0,0,0.9038217329924542,0.5011042680562725,0.49889573194372744,0.09617826700754581,0.9038217329924542,0.0,0.0,-0.09617826700754581,0.09617826700754584
228,229,373.6,1.0,0.0,1.0,1.0,1.0,1.0,0.0,0.0,0,2.0,0,0.4997031372318829,0.500296862768117,0.4997031372318829,0.062499829619504746,0.9375001703804953,-0.500296862768117,0.500296862768117,0.0,0.0
229,230,425.0,0.0,0.0,0.0,1.0,0.0,1.0,0.0,0.0,0,2.0,0,0.3251095039976843,0.3251095039976843,0.6748904960023157,0.38238588366918497,0.6176141163308151,0.6748904960023157,-0.6748904960023157,0.0,0.0
230,231,412.5,0.0,1.0,1.0,1.0,1.0,1.0,0.0,0.0,0,2.0,0,0.5316184570813945,0.5614337591603886,0.43856624083961127,0.46838154291860545,0.5316184570813945,0.0,0.0,-0.46838154291860545,0.46838154291860545
231,232,271.9,0.0,0.0,0.0,1.0,0.0,1.0,0.0,0.0,0,2.0,0,0.5165153702460166,0.5165153702460166,0.4834846297539834,0.3043698700355754,0.6956301299644245,0.48348462975398343,-0.4834846297539834,0.0,0.0
232,233,515.4,0.0,1.0,1.0,1.0,1.0,1.0,0.0,0.0,0,2.0,0,0.5525916706350935,0.6858156429362309,0.3141843570637691,0.4474083293649065,0.5525916706350935,0.0,0.0,-0.4474083293649065,0.4474083293649065
233,234,426.8,0.0,0.0,0.0,1.0,0.0,1.0,0.0,0.0,0,2.0,0,0.5499532208761886,0.5499532208761886,0.45004677912381136,0.29074077986308533,0.7092592201369147,0.4500467791238114,-0.45004677912381136,0.0,0.0
234,235,282.3,0.0,0.0,0.0,1.0,0.0,1.0,0.0,0.0,0,2.0,0,0.7075446679254651,0.7075446679254651,0.2924553320745349,0.4437443915985822,0.5562556084014179,0.2924553320745349,-0.2924553320745349,0.0,0.0
235,236,333.6,0.0,1.0,1.0,1.0,1.0,1.0,0.0,0.0,0,2.0,0,0.5151233167864387,0.8099528199594191,0.1900471800405808,0.4848766832135613,0.5151233167864387,0.0,0.0,-0.4848766832135613,0.48487668321356125
236,237,273.1,0.0,1.0,1.0,1.0,1.0,1.0,0.0,0.0,0,2.0,0,0.6849110404022922,0.5833252864611833,0.4166747135388167,0.31508895959770783,0.6849110404022922,0.0,0.0,-0.31508895959770783,0.3150889595977078
237,238,508.5,1.0,1.0,0.0,1.0,0.0,1.0,0.0,0.0,0,2.0,0,0.20475526231200142,0.522400516842361,0.477599483157639,0.20475526231200142,0.7952447376879986,0.0,0.0,0.7952447376879985,-0.7952447376879986
238,239,432.0,0.0,1.0,1.0,1.0,1.0,1.0,0.0,0.0,0,2.0,0,0.5167764210952996,0.5060219793548343,0.4939780206451657,0.48322357890470036,0.5167764210952996,0.0,0.0,-0.48322357890470036,0.48322357890470036
239,240,431.4,0.0,0.0,0.0,1.0,0.0,1.0,0.0,0.0,0,2.0,0,0.5016189017246903,0.5016189017246903,0.4983810982753098,0.314014717558818,0.6859852824411821,0.49838109827530974,-0.4983810982753098,0.0,0.0
240,241,306.9,0.0,0.0,0.0,1.0,0.0,1.0,0.0,0.0,0,2.0,0,0.6761354233452274,0.6761354233452274,0.32386457665477264,0.45000117456906963,0.5499988254309304,0.32386457665477264,-0.32386457665477264,0.0,0.0
241,242,390.3,1.0,0.0,1.0,1.0,1.0,1.0,0.0,0.0,0,2.0,0,0.21045794949838562,0.7895420505016144,0.21045794949838562,0.48655870770170623,0.5134412922982937,-0.7895420505016144,0.7895420505016144,0.0,0.0
242,243,457.8,0.0,1.0,1.0,1.0,1.0,1.0,0.0,0.0,0,2.0,0,0.5036134516579345,0.5130706257154101,0.48692937428458993,0.4963865483420655,0.5036134516579345,0.0,0.0,-0.4963865483420655,0.4963865483420655
243,244,381.2,0.0,0.0,0.0,1.0,0.0,1.0,0.0,0.0,0,2.0,0,0.5035138045593714,0.5035138045593714,0.49648619544062855,0.32256845191813566,0.6774315480818643,0.49648619544062855,-0.49648619544062855,0.0,0.0
244,245,344.6,0.0,0.0,0.0,1.0,0.0,1.0,0.0,0.0,0,2.0,0,0.6773667940903854,0.6773667940903854,0.3226332059096146,0.45230069346325597,0.547699306536744,0.32263320590961464,-0.3226332059096146,0.0,0.0
245,246,388.1,1.0,0.0,1.0,1.0,1.0,1.0,0.0,0.0,0,2.0,0,0.2096577639246033,0.7903422360753967,0.2096577639246033,0.4871768923357614,0.5128231076642386,-0.7903422360753967,0.7903422360753967,0.0,0.0
246,247,431.4,0.0,1.0,1.0,0.0,0.0,1.0,0.0,0.0,1,2.0,0,0.49655273625326213,0.5135906128557632,0.48640938714423676,0.49655273625326213,0.5034472637467379,0.0,0.0,-0.49655273625326213,0.49655273625326213
247,248,450.9,0.0,1.0,1.0,1.0,1.0,1.0,0.0,0.0,0,2.0,1,0.67732355366215,0.5036535938261113,0.4963464061738887,0.32267644633785,0.67732355366215,0.0,0.0,-0.32267644633785,0.32267644633785
248,249,478.3,1.0,1.0,0.0,1.0,0.0,1.0,0.0,0.0,0,2.0,0,0.20968586298982325,0.5009822035244377,0.4990177964755623,0.20968586298982325,0.7903141370101767,0.0,0.0,0.7903141370101767,-0.7903141370101767
249,250,329.8,0.0,0.0,0.0,1.0,0.0,1.0,0.0,0.0,0,2.0,0,0.5002640478962175,0.5002640478962175,0.4997359521037825,0.4864276468492964,0.5135723531507035,0.4997359521037825,-0.4997359521037825,0.0,0.0
250,251,329.2,0.0,1.0,1.0,1.0,1.0,1.0,0.0,0.0,0,2.0,0,0.5036486850301372,0.6752549943660668,0.32474500563393316,0.49635131496986284,0.5036486850301372,0.0,0.0,-0.49635131496986284,0.49635131496986284
251,252,316.7,0.0,1.0,1.0,1.0,1.0,1.0,0.0,0.0,0,2.0,0,0.6774544438963566,0.547114178897348,0.45288582110265196,0.32254555610364344,0.6774544438963566,0.0,0.0,-0.32254555610364344,0.32254555610364344
252,253,475.9,0.0,0.0,0.0,1.0,0.0,1.0,0.0,0.0,0,2.0,0,0.5126658065363592,0.5126658065363592,0.4873341934636408,0.20960080617198598,0.790399193828014,0.4873341934636408,-0.4873341934636408,0.0,0.0
253,254,279.3,0.0,0.0,0.0,1.0,0.0,1.0,0.0,0.0,0,2.0,0,0.6833140686882343,0.6833140686882343,0.3166859313117657,0.4219313571111111,0.5780686428888889,0.3166859313117657,-0.3166859313117657,0.0,0.0
254,255,330.7,0.0,0.0,0.0,1.0,0.0,1.0,0.0,0.0,0,2.0,0,0.7942069724719966,0.7942069724719966,0.20579302752800344,0.4790126380098617,0.5209873619901383,0.20579302752800344,-0.20579302752800344,0.0,0.0
255,256,390.1,0.0,0.0,0.0,1.0,0.0,1.0,0.0,0.0,0,2.0,0,0.8662688613803662,0.8662688613803662,0.13373113861963384,0.4943579221182057,0.5056420778817944,0.13373113861963382,-0.13373113861963384,0.0,0.0
256,257,305.7,0.0,0.0,0.0,1.0,0.0,1.0,0.0,0.0,0,2.0,0,0.9130970681984347,0.9130970681984347,0.08690293180156525,0.49848322800935196,0.501516771990648,0.08690293180156528,-0.08690293180156525,0.0,0.0
257,258,301.1,0.0,0.0,0.0,1.0,0.0,1.0,0.0,0.0,0,2.0,0,0.943527591003411,0.943527591003411,0.056472408996588994,0.4995922429076993,0.5004077570923007,0.05647240899658901,-0.056472408996588994,0.0,0.0
258,259,384.5,0.0,1.0,1.0,1.0,1.0,1.0,0.0,0.0,0,2.0,0,0.5001096182203697,0.9633023545723393,0.036697645427660755,0.49989038177963024,0.5001096182203697,0.0,0.0,-0.49989038177963024,0.4998903817796303
259,260,351.8,1.0,0.0,1.0,1.0,1.0,1.0,0.0,0.0,0,2.0,0,0.3754494267290897,0.6245505732709102,0.3754494267290897,0.32484535916211554,0.6751546408378843,-0.6245505732709102,0.6245505732709102,0.0,0.0
260,261,339.3,0.0,0.0,0.0,1.0,0.0,1.0,0.0,0.0,0,2.0,0,0.405853688496315,0.405853688496315,0.594146311503685,0.4529127993585177,0.5470872006414822,0.594146311503685,-0.594146311503685,0.0,0.0
261,262,474.7,0.0,1.0,1.0,1.0,1.0,1.0,0.0,0.0,0,2.0,0,0.5126585539135292,0.6139040097787986,0.38609599022120145,0.4873414460864708,0.5126585539135292,0.0,0.0,-0.4873414460864708,0.4873414460864708
262,263,326.2,0.0,0.0,0.0,1.0,0.0,1.0,0.0,0.0,0,2.0,0,0.5306210611187162,0.5306210611187162,0.4693789388812838,0.3166906443067621,0.6833093556932379,0.4693789388812838,-0.4693789388812838,0.0,0.0
263,264,405.6,0.0,0.0,0.0,0.0,1.0,1.0,0.0,0.0,1,2.0,0,0.30501801103114656,0.6949819889688534,0.30501801103114656,0.4507205497399449,0.5492794502600551,0.30501801103114656,-0.30501801103114656,0.0,0.0
264,265,405.1,0.0,0.0,0.0,1.0,0.0,1.0,0.0,0.0,0,2.0,1,0.8017891742753982,0.8017891742753982,0.19821082572460177,0.48675209888360965,0.5132479011163904,0.1982108257246018,-0.19821082572460177,0.0,0.0
265,266,284.5,0.0,0.0,0.0,1.0,0.0,1.0,0.0,0.0,0,2.0,0,0.8711960277309111,0.8711960277309111,0.1288039722690889,0.49643853811145455,0.5035614618885454,0.1288039722690889,-0.1288039722690889,0.0,0.0
266,267,600.0,1.0,0.0,1.0,1.0,1.0,1.0,0.0,0.0,0,2.0,0,0.08370109559680336,0.9162989044031966,0.08370109559680336,0.49904256450345413,0.5009574354965458,-0.9162989044031966,0.9162989044031966,0.0,0.0
267,268,407.4,0.0,1.0,1.0,1.0,1.0,1.0,0.0,0.0,0,2.0,0,0.5002573894537505,0.5954414358624862,0.4045585641375138,0.49974261054624947,0.5002573894537505,0.0,0.0,-0.49974261054624947,0.49974261054624947
268,269,458.9,1.0,1.0,0.0,1.0,0.0,1.0,0.0,0.0,0,2.0,0,0.3247493325108115,0.5256577274713924,0.4743422725286076,0.3247493325108115,0.6752506674891885,0.0,0.0,0.6752506674891885,-0.6752506674891885
269,270,334.3,1.0,1.0,0.0,1.0,0.0,1.0,0.0,0.0,0,2.0,0,0.5611997077757699,0.5068976223277357,0.4931023776722643,0.5611997077757699,0.4388002922242301,0.0,0.0,0.4388002922242301,-0.4388002922242301
270,271,473.8,0.0,1.0,1.0,1.0,1.0,1.0,0.0,0.0,0,2.0,0,0.2851469916675834,0.5018543027175391,0.498145697282461,0.7148530083324166,0.2851469916675834,0.0,0.0,-0.7148530083324166,0.7148530083324166
271,272,365.2,1.0,1.0,0.0,1.0,0.0,1.0,0.0,0.0,0,2.0,0,0.46453520752522137,0.5004984962070838,0.49950150379291625,0.46453520752522137,0.5354647924747786,0.0,0.0,0.5354647924747786,-0.5354647924747786
272,273,296.6,1.0,1.0,0.0,1.0,0.0,1.0,0.0,0.0,0,2.0,0,0.6520372082157452,0.5001340118127027,0.4998659881872973,0.6520372082157452,0.3479627917842548,0.0,0.0,0.3479627917842548,-0.3479627917842548
273,274,356.0,0.0,1.0,1.0,1.0,1.0,1.0,0.0,0.0,0,2.0,0,0.22611776939936845,0.5000360266852358,0.49996397331476417,0.7738822306006315,0.22611776939936845,0.0,0.0,-0.7738822306006315,0.7738822306006315
274,275,383.5,1.0,1.0,0.0,1.0,0.0,1.0,0.0,0.0,0,2.0,0,0.5028943550657552,0.500009685131653,0.499990314868347,0.5028943550657552,0.4971056449342448,0.0,0.0,0.4971056449342448,-0.4971056449342448
275,276,618.9,1.0,0.0,1.0,1.0,1.0,1.0,0.0,0.0,0,2.0,0,0.4999973963251262,0.5000026036748738,0.4999973963251262,0.6769642552527303,0.3230357447472697,-0.5000026036748738,0.5000026036748738,0.0,0.0
276,277,382.3,0.0,1.0,1.0,1.0,1.0,1.0,0.0,0.0,0,2.0,0,0.4524263168044275,0.3249182846737777,0.6750817153262223,0.5475736831955724,0.4524263168044275,0.0,0.0,-0.5475736831955724,0.5475736831955724
277,278,305.8,0.0,1.0,1.0,1.0,1.0,1.0,0.0,0.0,0,2.0,0,0.6441684491865204,0.4529324040814248,0.5470675959185751,0.3558315508134796,0.6441684491865204,0.0,0.0,-0.3558315508134796,0.3558315508134796
278,279,349.2,0.0,1.0,1.0,1.0,1.0,1.0,0.0,0.0,0,2.0,0,0.7687688498552194,0.4873467164664997,0.5126532835335003,0.23123115014478057,0.7687688498552194,0.0,0.0,-0.23123115014478057,0.23123115014478057
279,280,408.7,0.0,0.0,0.0,1.0,0.0,1.0,0.0,0.0,0,2.0,0,0.49659839044135323,0.49659839044135323,0.5034016095586468,0.15026167487127898,0.849738325128721,0.5034016095586468,-0.5034016095586468,0.0,0.0
280,281,556.0,0.0,1.0,1.0,1.0,1.0,1.0,0.0,0.0,0,2.0,0,0.5940209098004677,0.6728729285054447,0.32712707149455533,0.40597909019953227,0.5940209098004677,0.0,0.0,-0.40597909019953227,0.40597909019953227
281,282,399.5,0.0,0.0,0.0,1.0,0.0,1.0,0.0,0.0,0,2.0,0,0.5464738029839051,0.5464738029839051,0.4535261970160949,0.2638186854059409,0.7361813145940591,0.45352619701609487,-0.4535261970160949,0.0,0.0
282,283,331.0,0.0,0.0,0.0,1.0,0.0,1.0,0.0,0.0,0,2.0,0,0.7052836267130494,0.7052836267130494,0.29471637328695055,0.43650686676151085,0.5634931332384892,0.29471637328695055,-0.29471637328695055,0.0,0.0
283,284,446.4,0.0,1.0,1.0,1.0,1.0,1.0,0.0,0.0,0,2.0,0,0.5170689962301613,0.8084835203459465,0.19151647965405347,0.4829310037698387,0.5170689962301613,0.0,0.0,-0.4829310037698387,0.48293100376983866
284,285,277.8,0.0,1.0,1.0,1.0,1.0,1.0,0.0,0.0,0,2.0,0,0.6861754074730494,0.5829302914706362,0.41706970852936376,0.3138245925269506,0.6861754074730494,0.0,0.0,-0.3138245925269506,0.3138245925269506
285,286,321.3,0.0,1.0,1.0,1.0,1.0,1.0,0.0,0.0,0,2.0,0,0.7960663653691528,0.5222943294853872,0.47770567051461277,0.20393363463084724,0.7960663653691528,0.0,0.0,-0.20393363463084724,0.20393363463084724
286,287,288.7,0.0,1.0,1.0,1.0,1.0,1.0,0.0,0.0,0,2.0,0,0.8674771565897076,0.5059934327781664,0.49400656722183356,0.1325228434102924,0.8674771565897076,0.0,0.0,-0.1325228434102924,0.1325228434102924
287,288,292.2,0.0,1.0,1.0,1.0,1.0,1.0,0.0,0.0,0,2.0,0,0.9138822585232717,0.5016112274867895,0.4983887725132104,0.08611774147672836,0.9138822585232717,0.0,0.0,-0.08611774147672836,0.08611774147672835
288,289,476.6,1.0,1.0,0.0,1.0,0.0,1.0,0.0,0.0,0,3.0,0,0.05596216626662445,0.5004331497674661,0.49956685023253394,0.05596216626662445,0.9440378337333756,0.0,0.0,0.9440378337333756,-0.9440378337333756
289,290,388.0,1.0,0.0,1.0,1.0,1.0,1.0,0.0,0.0,0,3.0,0,0.4998835554118868,0.5001164445881132,0.4998835554118868,0.38653288733021973,0.6134671126697804,-0.5001164445881132,0.5001164445881132,0.0,0.0
290,291,347.4,0.0,0.0,0.0,1.0,0.0,1.0,0.0,0.0,0,3.0,0,0.32499226227706135,0.32499226227706135,0.6750077377229386,0.46949639087532524,0.5305036091246748,0.6750077377229386,-0.6750077377229386,0.0,0.0
291,292,354.8,0.0,1.0,1.0,1.0,1.0,1.0,0.0,0.0,0,3.0,0,0.5082003511655299,0.56135757159961,0.43864242840039,0.49179964883447014,0.5082003511655299,0.0,0.0,-0.49179964883447014,0.49179964883447014
292,293,486.3,1.0,1.0,0.0,1.0,0.0,1.0,0.0,0.0,0,3.0,0,0.31958773239982685,0.5164948885793955,0.4835051114206044,0.31958773239982685,0.6804122676001731,0.0,0.0,0.6804122676001731,-0.6804122676001731
293,294,321.7,1.0,0.0,1.0,1.0,1.0,1.0,0.0,0.0,0,3.0,0,0.49556564345437026,0.5044343565456297,0.49556564345437026,0.557845528733687,0.44215447126631297,-0.5044343565456297,0.5044343565456297,0.0,0.0
294,295,401.1,0.0,1.0,1.0,1.0,1.0,1.0,0.0,0.0,0,3.0,0,0.4844492614944941,0.3277981847588589,0.6722018152411411,0.5155507385055059,0.4844492614944941,0.0,0.0,-0.5155507385055059,0.5155507385055059
295,296,364.6,0.0,0.0,0.0,1.0,0.0,1.0,0.0,0.0,0,3.0,0,0.4537066138453508,0.4537066138453508,0.5462933861546492,0.33502197865840055,0.6649780213415994,0.5462933861546492,-0.5462933861546492,0.0,0.0
296,297,364.0,0.0,0.0,0.0,1.0,0.0,1.0,0.0,0.0,0,3.0,0,0.6450004286909315,0.6450004286909315,0.35499957130906845,0.45564860197146195,0.544351398028538,0.35499957130906845,-0.35499957130906845,0.0,0.0
297,298,275.5,0.0,0.0,0.0,1.0,0.0,1.0,0.0,0.0,0,3.0,0,0.7693094977467908,0.7693094977467908,0.2306905022532092,0.488076917815538,0.5119230821844619,0.2306905022532092,-0.2306905022532092,0.0,0.0
298,299,422.9,1.0,1.0,0.0,1.0,0.0,1.0,0.0,0.0,0,3.0,0,0.49679469204812976,0.8500896560703016,0.14991034392969832,0.49679469204812976,0.5032053079518702,0.0,0.0,0.5032053079518702,-0.5032053079518702
299,300,574.4,1.0,0.0,1.0,1.0,1.0,1.0,0.0,0.0,0,3.0,0,0.4058846411432091,0.5941153588567909,0.4058846411432091,0.673000491803883,0.326999508196117,-0.5941153588567909,0.5941153588567909,0.0,0.0
300,301,353.8,0.0,1.0,1.0,1.0,1.0,1.0,0.0,0.0,0,3.0,0,0.4534919038988854,0.38607587616407246,0.6139241238359275,0.5465080961011146,0.4534919038988854,0.0,0.0,-0.5465080961011146,0.5465080961011146
301,302,285.3,0.0,1.0,1.0,1.0,1.0,1.0,0.0,0.0,0,3.0,0,0.6448609030424745,0.4693735315758352,0.5306264684241648,0.35513909695752555,0.6448609030424745,0.0,0.0,-0.35513909695752555,0.35513909695752555
302,303,332.7,0.0,0.0,0.0,1.0,0.0,1.0,0.0,0.0,0,3.0,0,0.49176662030346413,0.49176662030346413,0.5082333796965359,0.2307811706497965,0.7692188293502035,0.5082333796965359,-0.5082333796965359,0.0,0.0
303,304,324.1,0.0,1.0,1.0,1.0,1.0,1.0,0.0,0.0,0,3.0,0,0.5723746797312157,0.6697330839254317,0.3302669160745684,0.4276253202687842,0.5723746797312157,0.0,0.0,-0.4276253202687842,0.4276253202687843
304,305,319.6,0.0,1.0,1.0,1.0,1.0,1.0,0.0,0.0,0,3.0,0,0.7221148759554141,0.5456297117796133,0.4543702882203867,0.27788512404458576,0.7221148759554141,0.0,0.0,-0.27788512404458576,0.2778851240445859
305,306,323.1,0.0,0.0,0.0,1.0,0.0,1.0,0.0,0.0,0,3.0,0,0.5122667340328612,0.5122667340328612,0.4877332659671388,0.1805789753439718,0.8194210246560282,0.48773326596713884,-0.4877332659671388,0.0,0.0
306,307,302.5,0.0,0.0,0.0,1.0,0.0,1.0,0.0,0.0,0,3.0,0,0.6830547381320651,0.6830547381320651,0.31694526186793487,0.4141293556074987,0.5858706443925012,0.3169452618679349,-0.31694526186793487,0.0,0.0
307,308,385.9,1.0,1.0,0.0,1.0,0.0,1.0,0.0,0.0,0,3.0,0,0.47691520908392326,0.7940384508705995,0.20596154912940048,0.47691520908392326,0.5230847909160767,0.0,0.0,0.5230847909160767,-0.5230847909160767
308,309,381.3,0.0,1.0,1.0,1.0,1.0,1.0,0.0,0.0,0,3.0,0,0.3399178559356253,0.5790469922248266,0.4209530077751734,0.6600821440643747,0.3399178559356253,0.0,0.0,-0.6600821440643747,0.6600821440643747
309,310,420.8,0.0,1.0,1.0,1.0,1.0,1.0,0.0,0.0,0,3.0,0,0.5710567176713209,0.5212503737565316,0.4787496262434684,0.42894328232867907,0.5710567176713209,0.0,0.0,-0.42894328232867907,0.42894328232867907
310,311,336.2,1.0,0.0,1.0,1.0,1.0,1.0,0.0,0.0,0,3.0,0,0.49428721609662385,0.5057127839033762,0.49428721609662385,0.27874157952825485,0.7212584204717452,-0.5057127839033762,0.5057127839033762,0.0,0.0
311,312,367.6,0.0,0.0,0.0,1.0,0.0,1.0,0.0,0.0,0,3.0,0,0.3286289492810955,0.3286289492810955,0.6713710507189046,0.4405186206398415,0.5594813793601585,0.6713710507189046,-0.6713710507189046,0.0,0.0
312,313,499.1,0.0,1.0,1.0,1.0,1.0,1.0,0.0,0.0,0,3.0,0,0.5159905077648284,0.5637208114998856,0.43627918850011443,0.4840094922351717,0.5159905077648284,0.0,0.0,-0.4840094922351717,0.48400949223517165
313,314,398.5,1.0,0.0,1.0,1.0,1.0,1.0,0.0,0.0,0,3.0,0,0.48286979653076817,0.5171302034692319,0.48286979653076817,0.3145254301218371,0.685474569878163,-0.5171302034692319,0.5171302034692318,0.0,0.0
314,315,378.0,1.0,1.0,0.0,1.0,0.0,1.0,0.0,0.0,0,3.0,0,0.4501384705311405,0.3360483674070677,0.6639516325929323,0.4501384705311405,0.5498615294688596,0.0,0.0,0.5498615294688596,-0.5498615294688596
315,316,537.4,0.0,1.0,1.0,1.0,1.0,1.0,0.0,0.0,0,3.0,0,0.3573182692450443,0.45592452827700236,0.5440754717229976,0.6426817307549558,0.3573182692450443,0.0,0.0,-0.6426817307549558,0.6426817307549557
316,317,388.9,0.0,0.0,0.0,1.0,0.0,1.0,0.0,0.0,0,3.0,0,0.4881510956805897,0.4881510956805897,0.5118489043194103,0.4176359163198663,0.5823640836801338,0.5118489043194103,-0.5118489043194103,0.0,0.0
317,318,408.3,0.0,1.0,1.0,1.0,1.0,1.0,0.0,0.0,0,3.0,0,0.5221421146213755,0.6673835960427165,0.33261640395728354,0.4778578853786245,0.5221421146213755,0.0,0.0,-0.4778578853786245,0.4778578853786245
318,319,467.7,1.0,1.0,0.0,1.0,0.0,1.0,0.0,0.0,0,3.0,0,0.31052791184267936,0.5449980938743787,0.4550019061256213,0.31052791184267936,0.6894720881573206,0.0,0.0,0.6894720881573206,-0.6894720881573206
319,320,423.1,0.0,0.0,0.0,1.0,0.0,1.0,0.0,0.0,0,3.0,0,0.5120969348263414,0.5120969348263414,0.4879030651736586,0.5519581566815313,0.44804184331846875,0.48790306517365856,-0.4879030651736586,0.0,0.0
320,321,366.6,0.0,1.0,1.0,1.0,1.0,1.0,0.0,0.0,0,3.0,0,0.4860319764470913,0.6829443969728074,0.3170556030271926,0.5139680235529087,0.4860319764470913,0.0,0.0,-0.5139680235529087,0.5139680235529087
321,322,562.0,0.0,1.0,1.0,1.0,1.0,1.0,0.0,0.0,0,3.0,0,0.6660065220408874,0.5491813376184912,0.4508186623815088,0.3339934779591126,0.6660065220408874,0.0,0.0,-0.3339934779591126,0.3339934779591126
322,323,317.5,0.0,0.0,0.0,1.0,0.0,1.0,0.0,0.0,0,3.0,0,0.5132215252829172,0.5132215252829172,0.4867784747170828,0.2170400456979809,0.7829599543020191,0.4867784747170828,-0.4867784747170828,0.0,0.0
323,324,296.9,0.0,0.0,0.0,1.0,0.0,1.0,0.0,0.0,0,3.0,0,0.6836751931715181,0.6836751931715181,0.3163248068284818,0.42393126395060376,0.5760687360493962,0.31632480682848185,-0.3163248068284818,0.0,0.0
324,325,392.1,0.0,0.0,0.0,1.0,0.0,1.0,0.0,0.0,0,3.0,0,0.7944416431453089,0.7944416431453089,0.2055583568546911,0.4795502772877306,0.5204497227122694,0.20555835685469115,-0.2055583568546911,0.0,0.0
325,326,363.5,0.0,1.0,1.0,1.0,1.0,1.0,0.0,0.0,0,3.0,0,0.5054975431527763,0.8664213581715338,0.13357864182846618,0.49450245684722366,0.5054975431527763,0.0,0.0,-0.49450245684722366,0.4945024568472237
326,327,430.9,1.0,1.0,0.0,0.0,1.0,1.0,0.0,0.0,1,3.0,0,0.6786558932596157,0.5985058456288166,0.40149415437118346,0.32134410674038427,0.6786558932596157,0.0,0.0,0.6786558932596157,-0.6786558932596157
327,328,430.4,0.0,1.0,1.0,1.0,1.0,1.0,0.0,0.0,0,3.0,1,0.44101312093376543,0.5264815393716917,0.47351846062830827,0.5589868790662346,0.44101312093376543,0.0,0.0,-0.5589868790662346,0.5589868790662346
328,329,557.8,1.0,1.0,0.0,1.0,0.0,1.0,0.0,0.0,0,3.0,0,0.36324822424214986,0.5071190894613193,0.49288091053868066,0.36324822424214986,0.6367517757578501,0.0,0.0,0.6367517757578501,-0.6367517757578501
329,330,345.3,0.0,1.0,1.0,1.0,1.0,1.0,0.0,0.0,0,3.0,0,0.4137824347745879,0.5019138402056961,0.4980861597943039,0.586217565225412,0.4137824347745879,0.0,0.0,-0.586217565225412,0.586217565225412
330,331,580.7,0.0,1.0,1.0,1.0,1.0,1.0,0.0,0.0,0,3.0,0,0.6190563722293454,0.5005145017986977,0.4994854982013023,0.3809436277706546,0.6190563722293454,0.0,0.0,-0.3809436277706546,0.3809436277706546
331,332,308.2,0.0,0.0,0.0,1.0,0.0,1.0,0.0,0.0,0,3.0,0,0.5001383146304876,0.5001383146304876,0.49986168536951237,0.24754981110684793,0.7524501888931521,0.49986168536951237,-0.49986168536951237,0.0,0.0
332,333,315.6,0.0,0.0,0.0,1.0,0.0,1.0,0.0,0.0,0,3.0,0,0.675173288717482,0.675173288717482,0.324826711282518,0.43213327012331804,0.567866729876682,0.32482671128251805,-0.324826711282518,0.0,0.0
333,334,507.0,1.0,1.0,0.0,1.0,0.0,1.0,0.0,0.0,0,3.0,0,0.4817552403333557,0.7889168234916455,0.21108317650835445,0.4817552403333557,0.5182447596666443,0.0,0.0,0.5182447596666443,-0.5182447596666443
334,335,274.5,0.0,0.0,0.0,1.0,0.0,1.0,0.0,0.0,0,3.0,0,0.5776701340676572,0.5776701340676572,0.4223298659323428,0.6632273569888172,0.33677264301118287,0.4223298659323428,-0.4223298659323428,0.0,0.0
335,336,430.0,1.0,0.0,1.0,1.0,1.0,1.0,0.0,0.0,0,3.0,0,0.27444396208478994,0.7255560379152101,0.27444396208478994,0.5438807631470356,0.45611923685296446,-0.7255560379152101,0.7255560379152101,0.0,0.0
336,337,609.3,0.0,1.0,1.0,1.0,1.0,1.0,0.0,0.0,0,3.0,0,0.48820343960787066,0.4714903913328546,0.5285096086671455,0.5117965603921293,0.48820343960787066,0.0,0.0,-0.5117965603921293,0.5117965603921293
337,338,364.7,0.0,0.0,0.0,1.0,0.0,1.0,0.0,0.0,0,3.0,0,0.4923357002869109,0.4923357002869109,0.5076642997130891,0.33258238913628013,0.6674176108637199,0.5076642997130891,-0.5076642997130891,0.0,0.0
338,339,404.2,0.0,1.0,1.0,1.0,1.0,1.0,0.0,0.0,0,3.0,0,0.5450072381522221,0.6701028909838445,0.3298971090161556,0.454992761847778,0.5450072381522221,0.0,0.0,-0.454992761847778,0.4549927618477779
339,340,479.6,0.0,1.0,1.0,1.0,1.0,1.0,0.0,0.0,0,3.0,0,0.7043306042168243,0.5457291278103551,0.45427087218964485,0.2956693957831758,0.7043306042168243,0.0,0.0,-0.2956693957831758,0.29566939578317575
340,341,327.1,1.0,0.0,1.0,1.0,1.0,1.0,0.0,0.0,0,3.0,0,0.4877065397407361,0.5122934602592639,0.4877065397407361,0.19213578529857045,0.8078642147014296,-0.5122934602592639,0.5122934602592639,0.0,0.0
341,342,374.5,0.0,0.0,0.0,1.0,0.0,1.0,0.0,0.0,0,3.0,0,0.3329052911597844,0.3329052911597844,0.6670947088402156,0.4172361978042255,0.5827638021957745,0.6670947088402156,-0.6670947088402156,0.0,0.0
342,343,418.0,0.0,0.0,0.0,1.0,0.0,1.0,0.0,0.0,0,3.0,0,0.5664997203649398,0.5664997203649398,0.43350027963506027,0.4777504281861913,0.5222495718138087,0.4335002796350602,-0.43350027963506027,0.0,0.0
343,344,429.4,0.0,1.0,1.0,1.0,1.0,1.0,0.0,0.0,0,3.0,0,0.5059814004765855,0.718297132396103,0.28170286760389696,0.49401859952341454,0.5059814004765855,0.0,0.0,-0.49401859952341454,0.49401859952341454
344,345,368.9,0.0,0.0,0.0,1.0,0.0,1.0,0.0,0.0,0,3.0,0,0.558685289886834,0.558685289886834,0.4413147101131661,0.3210296801943554,0.6789703198056446,0.44131471011316603,-0.4413147101131661,0.0,0.0
345,346,476.3,1.0,0.0,1.0,1.0,1.0,1.0,0.0,0.0,0,3.0,0,0.28678094385387515,0.7132190561461249,0.28678094385387515,0.4518870221351514,0.5481129778648486,-0.7132190561461249,0.7132190561461249,0.0,0.0
346,347,271.8,0.0,0.0,0.0,1.0,0.0,1.0,0.0,0.0,0,3.0,0,0.4634734111711486,0.4634734111711486,0.5365265888288515,0.48706568417859863,0.5129343158214014,0.5365265888288514,-0.5365265888288515,0.0,0.0
347,348,367.2,0.0,0.0,0.0,1.0,0.0,1.0,0.0,0.0,0,3.0,0,0.6513472177086906,0.6513472177086906,0.3486527822913094,0.49652283992402846,0.5034771600759715,0.34865278229130936,-0.3486527822913094,0.0,0.0
348,349,298.7,0.0,0.0,0.0,1.0,0.0,1.0,0.0,0.0,0,3.0,0,0.7734338518715097,0.7734338518715097,0.22656614812849035,0.49906522754192184,0.5009347724580782,0.2265661481284903,-0.22656614812849035,0.0,0.0
349,350,370.0,1.0,0.0,1.0,1.0,1.0,1.0,0.0,0.0,0,3.0,0,0.1472302017509543,0.8527697982490458,0.1472302017509543,0.4997487030998602,0.5002512969001398,-0.8527697982490458,0.8527697982490456,0.0,0.0
350,351,333.5,1.0,0.0,1.0,1.0,1.0,1.0,0.0,0.0,0,3.0,0,0.44584188555775056,0.5541581144422494,0.44584188555775056,0.4999324433112314,0.5000675566887687,-0.5541581144422494,0.5541581144422494,0.0,0.0
351,352,276.9,1.0,0.0,1.0,1.0,1.0,1.0,0.0,0.0,0,3.0,0,0.6398896672551889,0.36011033274481097,0.6398896672551889,0.4999818385893545,0.5000181614106455,-0.36011033274481097,0.3601103327448111,0.0,0.0
352,353,276.4,1.0,0.0,1.0,1.0,1.0,1.0,0.0,0.0,0,3.0,0,0.765988355362984,0.23401164463701596,0.765988355362984,0.49999511762872567,0.5000048823712744,-0.23401164463701596,0.23401164463701596,0.0,0.0
353,354,447.8,0.0,1.0,1.0,1.0,1.0,1.0,0.0,0.0,0,3.0,0,0.5000013125384215,0.15206853246426355,0.8479314675357364,0.4999986874615785,0.5000013125384215,0.0,0.0,-0.4999986874615785,0.4999986874615785
354,355,303.3,0.0,0.0,0.0,1.0,0.0,1.0,0.0,0.0,0,3.0,0,0.4064648316312435,0.4064648316312435,0.5935351683687565,0.32491573978841715,0.6750842602115829,0.5935351683687565,-0.5935351683687565,0.0,0.0
355,356,362.7,1.0,1.0,0.0,1.0,0.0,1.0,0.0,0.0,0,3.0,0,0.4529317199343933,0.6143011508689282,0.3856988491310717,0.4529317199343933,0.5470682800656067,0.0,0.0,0.5470682800656067,-0.5470682800656067
356,357,414.2,0.0,1.0,1.0,1.0,1.0,1.0,0.0,0.0,0,3.0,0,0.3555031230876032,0.5307278254162789,0.469272174583721,0.6444968769123969,0.3555031230876032,0.0,0.0,-0.6444968769123969,0.6444968769123969
357,358,521.6,0.0,0.0,0.0,1.0,0.0,1.0,0.0,0.0,0,3.0,0,0.5082606277157791,0.5082606277157791,0.4917393722842209,0.4188154585293934,0.5811845414706067,0.49173937228422093,-0.4917393722842209,0.0,0.0
358,359,468.9,0.0,1.0,1.0,1.0,1.0,1.0,0.0,0.0,0,3.0,0,0.5218250157399562,0.6804514373028289,0.31954856269717113,0.47817498426004384,0.5218250157399562,0.0,0.0,-0.47817498426004384,0.4781749842600438
359,360,336.4,0.0,0.0,0.0,1.0,0.0,1.0,0.0,0.0,0,3.0,0,0.5485111498826147,0.5485111498826147,0.45148885011738527,0.3107339732188912,0.6892660267811088,0.45148885011738527,-0.45148885011738527,0.0,0.0
360,361,363.7,0.0,0.0,0.0,1.0,0.0,1.0,0.0,0.0,0,3.0,0,0.706607562338082,0.706607562338082,0.293392437661918,0.449119204977807,0.550880795022193,0.293392437661918,-0.293392437661918,0.0,0.0
361,362,255.1,0.0,0.0,0.0,1.0,0.0,1.0,0.0,0.0,0,3.0,0,0.8093438576504774,0.8093438576504774,0.19065614234952255,0.48632160591037027,0.5136783940896297,0.19065614234952255,-0.19065614234952255,0.0,0.0
362,363,326.5,1.0,1.0,0.0,0.0,1.0,1.0,0.0,0.0,1,3.0,0,0.5036771922449248,0.876105311693521,0.12389468830647901,0.4963228077550752,0.5036771922449248,0.0,0.0,0.5036771922449248,-0.5036771922449248
363,364,505.9,0.0,1.0,1.0,1.0,1.0,1.0,0.0,0.0,0,3.0,1,0.3273061542694312,0.6011092037831383,0.39889079621686174,0.6726938457305688,0.3273061542694312,0.0,0.0,-0.6726938457305688,0.6726938457305688
364,365,353.3,0.0,0.0,0.0,1.0,0.0,1.0,0.0,0.0,0,3.0,0,0.5271814057707079,0.5271814057707079,0.47281859422929207,0.43713878459622685,0.5628612154037731,0.47281859422929207,-0.47281859422929207,0.0,0.0
365,366,260.8,0.0,0.0,0.0,1.0,0.0,1.0,0.0,0.0,0,3.0,0,0.6927467867772453,0.6927467867772453,0.3072532132227547,0.48310088360704917,0.5168991163929508,0.3072532132227547,-0.3072532132227547,0.0,0.0
366,367,320.2,0.0,0.0,0.0,1.0,0.0,1.0,0.0,0.0,0,3.0,0,0.8003366657151255,0.8003366657151255,0.19966333428487443,0.49545697401763317,0.5045430259823668,0.19966333428487448,-0.19966333428487443,0.0,0.0
367,368,447.6,0.0,1.0,1.0,1.0,1.0,1.0,0.0,0.0,0,3.0,0,0.5012213114932488,0.8702521394663119,0.12974786053368814,0.4987786885067512,0.5012213114932488,0.0,0.0,-0.4987786885067512,0.4987786885067512
368,369,259.1,0.0,0.0,0.0,1.0,0.0,1.0,0.0,0.0,0,3.0,0,0.5995356828433943,0.5995356828433943,0.4004643171566057,0.32412294398136965,0.6758770560186304,0.4004643171566057,-0.4004643171566057,0.0,0.0
369,370,562.5,0.0,1.0,1.0,1.0,1.0,1.0,0.0,0.0,0,3.0,0,0.5472814090758094,0.7397649971275165,0.26023500287248347,0.4527185909241907,0.5472814090758094,0.0,0.0,-0.4527185909241907,0.45271859092419064
370,371,342.0,0.0,0.0,0.0,1.0,0.0,1.0,0.0,0.0,0,3.0,0,0.56445654235903,0.56445654235903,0.43554345764096997,0.2941915640476686,0.7058084359523314,0.43554345764097,-0.43554345764096997,0.0,0.0
371,372,561.4,0.0,1.0,1.0,1.0,1.0,1.0,0.0,0.0,0,3.0,0,0.5553279266312252,0.716969407524104,0.2830305924758959,0.44467207336877473,0.5553279266312252,0.0,0.0,-0.44467207336877473,0.4446720733687748
372,373,328.9,0.0,0.0,0.0,1.0,0.0,1.0,0.0,0.0,0,3.0,0,0.5583283547400092,0.5583283547400092,0.4416716452599908,0.2889626699129428,0.7110373300870572,0.4416716452599908,-0.4416716452599908,0.0,0.0
373,374,436.3,0.0,1.0,1.0,1.0,1.0,1.0,0.0,0.0,0,3.0,0,0.5567336215421742,0.7129871078426686,0.2870128921573314,0.4432663784578258,0.5567336215421742,0.0,0.0,-0.4432663784578258,0.4432663784578258
374,375,319.8,0.0,0.0,0.0,1.0,0.0,1.0,0.0,0.0,0,3.0,0,0.5572577845100841,0.5572577845100841,0.4427422154899159,0.2880492027112056,0.7119507972887944,0.4427422154899159,-0.4427422154899159,0.0,0.0
375,376,483.2,1.0,0.0,1.0,1.0,1.0,1.0,0.0,0.0,0,3.0,0,0.2877085842200796,0.7122914157799204,0.2877085842200796,0.44302080909579317,0.5569791909042068,-0.7122914157799204,0.7122914157799204,0.0,0.0
376,377,362.7,0.0,0.0,0.0,1.0,0.0,1.0,0.0,0.0,0,3.0,0,0.46287059967703625,0.46287059967703625,0.5371294003229637,0.48468216096552663,0.5153178390344734,0.5371294003229637,-0.5371294003229637,0.0,0.0
377,378,430.0,1.0,1.0,0.0,1.0,0.0,1.0,0.0,0.0,0,3.0,0,0.49588207222737674,0.6509554907952524,0.34904450920474756,0.49588207222737674,0.5041179277726232,0.0,0.0,0.5041179277726233,-0.5041179277726232
378,379,321.5,0.0,0.0,0.0,1.0,0.0,1.0,0.0,0.0,0,3.0,0,0.5405816908362046,0.5405816908362046,0.4594183091637954,0.6724074411586685,0.32759255884133154,0.45941830916379545,-0.4594183091637954,0.0,0.0
379,380,416.9,0.0,1.0,1.0,1.0,1.0,1.0,0.0,0.0,0,3.0,0,0.4536513349855422,0.7014547367071461,0.2985452632928539,0.5463486650144578,0.4536513349855422,0.0,0.0,-0.5463486650144578,0.5463486650144578
380,381,372.4,1.0,1.0,0.0,0.0,1.0,1.0,0.0,0.0,1,3.0,0,0.6449645066533747,0.5541575122539069,0.4458424877460932,0.3550354933466253,0.6449645066533747,0.0,0.0,0.6449645066533747,-0.6449645066533747
381,382,335.8,0.0,0.0,0.0,1.0,0.0,1.0,0.0,0.0,0,3.0,1,0.5145592810646881,0.5145592810646881,0.485440718935312,0.580880660146421,0.41911933985357896,0.48544071893531193,-0.485440718935312,0.0,0.0
382,383,443.3,1.0,0.0,1.0,1.0,1.0,1.0,0.0,0.0,0,3.0,0,0.3154554887274744,0.6845445112725257,0.3154554887274744,0.5217433226668255,0.4782566773331744,-0.6845445112725257,0.6845445112725256,0.0,0.0
383,384,458.7,0.0,1.0,1.0,1.0,1.0,1.0,0.0,0.0,0,3.0,0,0.494154695575706,0.44483974033492746,0.5551602596650727,0.505845304424294,0.494154695575706,0.0,0.0,-0.505845304424294,0.505845304424294
384,385,254.2,0.0,0.0,0.0,1.0,0.0,1.0,0.0,0.0,0,3.0,0,0.4851711481816259,0.4851711481816259,0.5148288518183741,0.3287150655133395,0.6712849344866605,0.5148288518183741,-0.5148288518183741,0.0,0.0
385,386,473.5,0.0,1.0,1.0,1.0,1.0,1.0,0.0,0.0,0,3.0,0,0.5460468991198552,0.6654471272670242,0.3345528727329758,0.45395310088014484,0.5460468991198552,0.0,0.0,-0.45395310088014484,0.45395310088014484
386,387,276.9,0.0,0.0,0.0,1.0,0.0,1.0,0.0,0.0,0,3.0,0,0.5444775087883039,0.5444775087883039,0.4555224912116961,0.29499378958480227,0.7050062104151977,0.4555224912116961,-0.4555224912116961,0.0,0.0
387,388,248.4,0.0,0.0,0.0,1.0,0.0,1.0,0.0,0.0,0,3.0,0,0.7039863684968488,0.7039863684968488,0.2960136315031512,0.44488773739369597,0.5551122626063041,0.2960136315031512,-0.2960136315031512,0.0,0.0
388,389,279.8,0.0,0.0,0.0,1.0,0.0,1.0,0.0,0.0,0,3.0,0,0.8076405189069761,0.8076405189069761,0.1923594810930239,0.4851840513346661,0.514815948665334,0.19235948109302392,-0.1923594810930239,0.0,0.0
389,390,251.3,0.0,0.0,0.0,1.0,0.0,1.0,0.0,0.0,0,3.0,0,0.8749984256519501,0.8749984256519501,0.12500157434804995,0.4960169965000003,0.5039830034999997,0.12500157434804993,-0.12500157434804995,0.0,0.0
390,391,414.7,1.0,1.0,0.0,1.0,0.0,1.0,0.0,0.0,0,3.0,0,0.4989292405610092,0.9187698287565316,0.08123017124346843,0.4989292405610092,0.5010707594389908,0.0,0.0,0.5010707594389908,-0.5010707594389908
391,392,410.2,0.0,1.0,1.0,1.0,1.0,1.0,0.0,0.0,0,3.0,0,0.3256124077365188,0.6125787981119424,0.38742120188805756,0.6743875922634812,0.3256124077365188,0.0,0.0,-0.6743875922634812,0.6743875922634812
392,393,445.6,0.0,1.0,1.0,1.0,1.0,1.0,0.0,0.0,0,3.0,0,0.5617605626989646,0.5302648016022615,0.4697351983977384,0.43823943730103543,0.5617605626989646,0.0,0.0,-0.43823943730103543,0.43823943730103543
393,394,261.1,0.0,1.0,1.0,1.0,1.0,1.0,0.0,0.0,0,3.0,0,0.7152174704737253,0.5081361520231675,0.4918638479768324,0.2847825295262747,0.7152174704737253,0.0,0.0,-0.2847825295262747,0.2847825295262747
394,395,280.5,1.0,0.0,1.0,0.0,0.0,1.0,0.0,0.0,1,3.0,0,0.5021872593322781,0.5021872593322781,0.49781274066772185,0.18506113831940132,0.8149388616805987,-0.5021872593322781,0.5021872593322781,0.0,0.0
395,396,284.0,0.0,0.0,0.0,1.0,0.0,1.0,0.0,0.0,0,3.0,1,0.32633794641871583,0.32633794641871583,0.6736620535812842,0.41533430516705516,0.5846656948329448,0.6736620535812842,-0.6736620535812842,0.0,0.0
396,397,419.2,1.0,0.0,1.0,1.0,1.0,1.0,0.0,0.0,0,3.0,0,0.43776795818802416,0.5622320418119758,0.43776795818802416,0.47723913827816145,0.5227608617218386,-0.5622320418119758,0.5622320418119758,0.0,0.0
397,398,406.5,1.0,1.0,0.0,1.0,0.0,1.0,0.0,0.0,0,3.0,0,0.4938811483524367,0.3653570386864825,0.6346429613135175,0.4938811483524367,0.5061188516475633,0.0,0.0,0.5061188516475633,-0.5061188516475633
398,399,506.0,0.0,1.0,1.0,1.0,1.0,1.0,0.0,0.0,0,3.0,0,0.3288928255768046,0.46380364171908567,0.5361963582809144,0.6711071744231953,0.3288928255768046,0.0,0.0,-0.6711071744231953,0.6711071744231953
399,400,265.4,0.0,0.0,0.0,1.0,0.0,1.0,0.0,0.0,0,3.0,0,0.490269254775602,0.490269254775602,0.509730745224398,0.4361077129263119,0.5638922870736881,0.509730745224398,-0.509730745224398,0.0,0.0
400,401,316.9,0.0,0.0,0.0,1.0,0.0,1.0,0.0,0.0,0,3.0,0,0.6687600461146948,0.6687600461146948,0.3312399538853053,0.482823698381669,0.517176301618331,0.33123995388530525,-0.3312399538853053,0.0,0.0
401,402,396.2,0.0,1.0,1.0,1.0,1.0,1.0,0.0,0.0,0,3.0,0,0.5046175422855598,0.784749285622084,0.21525071437791604,0.4953824577144402,0.5046175422855598,0.0,0.0,-0.4953824577144402,0.4953824577144402
402,403,471.7,0.0,1.0,1.0,1.0,1.0,1.0,0.0,0.0,0,3.0,0,0.6780840394928834,0.5765497658552805,0.4234502341447195,0.32191596050711657,0.6780840394928834,0.0,0.0,-0.32191596050711657,0.32191596050711657
403,404,287.1,0.0,1.0,1.0,1.0,1.0,1.0,0.0,0.0,0,3.0,0,0.7908083259400434,0.5205790389945891,0.4794209610054109,0.20919167405995664,0.7908083259400434,0.0,0.0,-0.20919167405995664,0.20919167405995664
404,405,306.6,0.0,1.0,1.0,1.0,1.0,1.0,0.0,0.0,0,3.0,0,0.8640603080783262,0.5055323075284313,0.49446769247156874,0.1359396919216738,0.8640603080783262,0.0,0.0,-0.1359396919216738,0.13593969192167377
405,406,326.0,0.0,1.0,1.0,1.0,1.0,1.0,0.0,0.0,0,3.0,0,0.9116618769709586,0.5014872621893173,0.4985127378106828,0.08833812302904143,0.9116618769709586,0.0,0.0,-0.08833812302904143,0.08833812302904143
406,407,337.5,1.0,0.0,1.0,0.0,0.0,1.0,0.0,0.0,1,3.0,0,0.5003998239086322,0.5003998239086322,0.4996001760913678,0.05740504388365378,0.9425949561163462,-0.5003998239086322,0.5003998239086322,0.0,0.0
407,408,364.9,0.0,0.0,0.0,1.0,0.0,1.0,0.0,0.0,0,3.0,1,0.3251764115636017,0.3251764115636017,0.6748235884363983,0.3810162414089413,0.6189837585910587,0.6748235884363982,-0.6748235884363983,0.0,0.0
408,409,288.4,0.0,0.0,0.0,1.0,0.0,1.0,0.0,0.0,0,3.0,0,0.5614772379170787,0.5614772379170787,0.4385227620829213,0.4680133390297069,0.5319866609702931,0.4385227620829213,-0.4385227620829213,0.0,0.0
409,410,359.8,0.0,1.0,1.0,1.0,1.0,1.0,0.0,0.0,0,3.0,0,0.508599043198366,0.7150333566281987,0.28496664337180133,0.4914009568016339,0.508599043198366,0.0,0.0,-0.4914009568016339,0.491400956801634
410,411,371.3,0.0,0.0,0.0,1.0,0.0,1.0,0.0,0.0,0,3.0,0,0.5578078819934607,0.5578078819934607,0.44219211800653935,0.3193286490861198,0.6806713509138802,0.44219211800653935,-0.44219211800653935,0.0,0.0
411,412,390.7,0.0,1.0,1.0,1.0,1.0,1.0,0.0,0.0,0,3.0,0,0.548570269733952,0.7126488873798449,0.2873511126201551,0.45142973026604805,0.548570269733952,0.0,0.0,-0.45142973026604805,0.45142973026604805
412,413,434.2,1.0,1.0,0.0,1.0,0.0,1.0,0.0,0.0,0,3.0,0,0.2933540196206009,0.5571668599720996,0.4428331400279005,0.2933540196206009,0.7066459803793991,0.0,0.0,0.7066459803793991,-0.7066459803793991
413,414,373.5,0.0,0.0,0.0,1.0,0.0,1.0,0.0,0.0,0,3.0,0,0.5153682905155863,0.5153682905155863,0.48463170948441375,0.540797991592474,0.459202008407526,0.4846317094844137,-0.48463170948441375,0.0,0.0
414,415,401.0,0.0,1.0,1.0,1.0,1.0,1.0,0.0,0.0,0,3.0,0,0.48903218774738383,0.685070232461053,0.314929767538947,0.5109678122526161,0.48903218774738383,0.0,0.0,-0.5109678122526161,0.5109678122526162
415,416,428.4,0.0,0.0,0.0,1.0,0.0,1.0,0.0,0.0,0,3.0,0,0.549752830567162,0.549752830567162,0.45024716943283805,0.3320438410928537,0.6679561589071463,0.45024716943283805,-0.45024716943283805,0.0,0.0
416,417,327.9,0.0,0.0,0.0,1.0,0.0,1.0,0.0,0.0,0,3.0,0,0.7074144476526192,0.7074144476526192,0.2925855523473808,0.45484798281335104,0.545152017186649,0.2925855523473808,-0.2925855523473808,0.0,0.0
417,418,395.3,0.0,1.0,1.0,1.0,1.0,1.0,0.0,0.0,0,3.0,0,0.5121383143630388,0.809868198504707,0.19013180149529302,0.4878616856369612,0.5121383143630388,0.0,0.0,-0.4878616856369612,0.4878616856369612
418,419,338.8,1.0,1.0,0.0,1.0,0.0,1.0,0.0,0.0,0,3.0,0,0.31702871323104853,0.5833025374926288,0.4166974625073712,0.31702871323104853,0.6829712867689515,0.0,0.0,0.6829712867689515,-0.6829712867689515
419,420,422.2,1.0,0.0,1.0,1.0,1.0,1.0,0.0,0.0,0,3.0,0,0.4776055988120207,0.5223944011879793,0.4776055988120207,0.5561825931556407,0.44381740684435933,-0.5223944011879793,0.5223944011879793,0.0,0.0
420,421,641.6,0.0,1.0,1.0,1.0,1.0,1.0,0.0,0.0,0,3.0,0,0.4848963120598845,0.33946921777942146,0.6605307822205786,0.5151036879401155,0.4848963120598845,0.0,0.0,-0.5151036879401155,0.5151036879401155
421,422,365.1,0.0,1.0,1.0,1.0,1.0,1.0,0.0,0.0,0,3.0,0,0.6652685296345593,0.45684416287576013,0.5431558371242399,0.3347314703654407,0.6652685296345593,0.0,0.0,-0.3347314703654407,0.3347314703654407
422,423,316.5,0.0,1.0,1.0,1.0,1.0,1.0,0.0,0.0,0,3.0,0,0.7824803823457852,0.48839832303729236,0.5116016769627076,0.2175196176542148,0.7824803823457852,0.0,0.0,-0.2175196176542148,0.2175196176542148
423,424,335.9,0.0,0.0,0.0,1.0,0.0,1.0,0.0,0.0,0,3.0,0,0.4968810961085165,0.4968810961085165,0.5031189038914835,0.14135146603568588,0.8586485339643141,0.5031189038914835,-0.5031189038914835,0.0,0.0
424,425,367.3,0.0,1.0,1.0,1.0,1.0,1.0,0.0,0.0,0,3.0,0,0.5964162604985255,0.6730566400296789,0.32694335997032103,0.4035837395014746,0.5964162604985255,0.0,0.0,-0.4035837395014746,0.4035837395014745
425,426,326.8,0.0,1.0,1.0,1.0,1.0,1.0,0.0,0.0,0,3.0,0,0.7377378929684212,0.5465231905500032,0.4534768094499968,0.2622621070315788,0.7377378929684212,0.0,0.0,-0.2622621070315788,0.2622621070315788
426,427,386.2,0.0,0.0,0.0,1.0,0.0,1.0,0.0,0.0,0,3.0,0,0.5125069298616957,0.5125069298616957,0.48749307013830434,0.17042662043224366,0.8295733795677563,0.48749307013830434,-0.48749307013830434,0.0,0.0
427,428,377.7,0.0,1.0,1.0,1.0,1.0,1.0,0.0,0.0,0,3.0,0,0.5885999239047384,0.6832108253526458,0.31678917464735423,0.41140007609526164,0.5885999239047384,0.0,0.0,-0.41140007609526164,0.41140007609526164
428,429,397.1,1.0,1.0,0.0,1.0,0.0,1.0,0.0,0.0,0,3.0,0,0.26734142193878196,0.5492529621356494,0.45074703786435055,0.26734142193878196,0.732658578061218,0.0,0.0,0.732658578061218,-0.732658578061218
429,430,420.6,0.0,1.0,1.0,1.0,1.0,1.0,0.0,0.0,0,3.0,0,0.4761058576206425,0.5132407802566601,0.48675921974333985,0.5238941423793575,0.4761058576206425,0.0,0.0,-0.5238941423793575,0.5238941423793575
430,431,464.0,0.0,1.0,1.0,1.0,1.0,1.0,0.0,0.0,0,3.0,0,0.6595562006248513,0.5035595475724345,0.49644045242756546,0.3404437993751487,0.6595562006248513,0.0,0.0,-0.3404437993751487,0.3404437993751487
431,432,331.4,0.0,1.0,1.0,1.0,1.0,1.0,0.0,0.0,0,3.0,0,0.7787683213891318,0.5009569208668085,0.49904307913319146,0.22123167861086826,0.7787683213891318,0.0,0.0,-0.22123167861086826,0.22123167861086823
432,433,494.7,0.0,1.0,1.0,1.0,1.0,0.0,1.0,0.0,0,1.0,0,0.8562363135683086,0.500257251104726,0.499742748895274,0.14376368643169132,0.8562363135683086,0.0,0.0,-0.14376368643169132,0.14376368643169135
433,434,290.1,0.0,1.0,1.0,1.0,1.0,0.0,1.0,0.0,0,1.0,0,0.9065775856956575,0.5000691573704558,0.4999308426295442,0.09342241430434244,0.9065775856956575,0.0,0.0,-0.09342241430434244,0.0934224143043425
434,435,349.6,1.0,0.0,1.0,1.0,1.0,0.0,1.0,0.0,0,1.0,0,0.4999814082746371,0.5000185917253629,0.4999814082746371,0.060708985078781745,0.9392910149212182,-0.5000185917253629,0.5000185917253629,0.0,0.0
435,436,385.0,0.0,0.0,0.0,1.0,0.0,0.0,1.0,0.0,0,1.0,0,0.32492867423955596,0.32492867423955596,0.675071325760444,0.3819044470609208,0.6180955529390793,0.675071325760444,-0.675071325760444,0.0,0.0
436,437,380.4,1.0,1.0,0.0,1.0,0.0,0.0,1.0,0.0,0,1.0,0,0.4682521172747227,0.561316249982642,0.43868375001735804,0.4682521172747227,0.5317478827252773,0.0,0.0,0.5317478827252773,-0.5317478827252773
437,438,403.9,1.0,0.0,1.0,1.0,1.0,0.0,1.0,0.0,0,1.0,0,0.48351622000019845,0.5164837799998016,0.48351622000019845,0.6544525795182524,0.3455474204817476,-0.5164837799998016,0.5164837799998016,0.0,0.0
438,439,327.3,0.0,1.0,1.0,0.0,0.0,0.0,1.0,0.0,1,1.0,0,0.5415218207555332,0.3356282999847854,0.6643717000152146,0.5415218207555332,0.4584781792444667,0.0,0.0,-0.5415218207555332,0.5415218207555332
439,440,398.7,1.0,0.0,1.0,1.0,1.0,0.0,1.0,0.0,0,1.0,1,0.5441883993559815,0.4558116006440185,0.5441883993559815,0.351898849766231,0.6481011502337689,-0.4558116006440185,0.4558116006440185,0.0,0.0
440,441,478.1,0.0,0.0,0.0,1.0,0.0,0.0,1.0,0.0,0,1.0,0,0.29620150440649773,0.29620150440649773,0.7037984955935023,0.4601856477057532,0.5398143522942467,0.7037984955935023,-0.7037984955935023,0.0,0.0
441,442,601.6,1.0,0.0,1.0,1.0,1.0,0.0,1.0,0.0,0,1.0,0,0.457351618298618,0.5426483817013821,0.457351618298618,0.48929662162577214,0.5107033783742279,-0.5426483817013821,0.5426483817013821,0.0,0.0
442,443,397.0,1.0,1.0,0.0,1.0,0.0,0.0,1.0,0.0,0,1.0,0,0.49712258765946465,0.35263092645426297,0.647369073545737,0.49712258765946465,0.5028774123405354,0.0,0.0,0.5028774123405353,-0.5028774123405354
443,444,428.5,1.0,1.0,0.0,1.0,0.0,0.0,1.0,0.0,0,1.0,0,0.6732135692534882,0.46038245346396445,0.5396175465360356,0.6732135692534882,0.32678643074651187,0.0,0.0,0.3267864307465118,-0.32678643074651187
444,445,299.9,1.0,1.0,0.0,1.0,0.0,0.0,1.0,0.0,0,1.0,0,0.7876433327497919,0.4893495293430896,0.5106504706569104,0.7876433327497919,0.21235666725020816,0.0,0.0,0.21235666725020808,-0.21235666725020816
445,446,391.4,1.0,0.0,1.0,1.0,1.0,0.0,1.0,0.0,0,1.0,0,0.5028631890445445,0.4971368109554555,0.5028631890445445,0.8620035904716128,0.13799640952838732,-0.4971368109554555,0.4971368109554555,0.0,0.0
446,447,582.8,1.0,1.0,0.0,1.0,0.0,0.0,1.0,0.0,0,1.0,0,0.5973182075903465,0.32305599746211056,0.6769440025378894,0.5973182075903465,0.40268179240965357,0.0,0.0,0.4026817924096535,-0.40268179240965357
447,448,318.3,1.0,1.0,0.0,1.0,0.0,0.0,1.0,0.0,0,1.0,0,0.7383240081201966,0.45243176138552843,0.5475682386144716,0.7383240081201966,0.2616759918798035,0.0,0.0,0.2616759918798034,-0.2616759918798035
448,449,321.7,1.0,1.0,0.0,1.0,0.0,0.0,1.0,0.0,0,1.0,0,0.8299542566438686,0.4872121276085705,0.5127878723914294,0.8299542566438686,0.1700457433561315,0.0,0.0,0.17004574335613143,-0.1700457433561315
449,450,337.2,0.0,0.0,0.0,1.0,0.0,0.0,1.0,0.0,0,1.0,0,0.49656220862780204,0.49656220862780204,0.5034377913721979,0.8894986329245627,0.11050136707543741,0.5034377913721979,-0.5034377913721979,0.0,0.0
450,451,380.5,1.0,1.0,0.0,1.0,0.0,0.0,1.0,0.0,0,1.0,0,0.6047097592753881,0.6728494163622897,0.32715058363771027,0.6047097592753881,0.39529024072461194,0.0,0.0,0.39529024072461194,-0.39529024072461194
451,452,316.0,0.0,0.0,0.0,1.0,0.0,0.0,1.0,0.0,0,1.0,0,0.5464674821636462,0.5464674821636462,0.45353251783635384,0.7431272836970233,0.2568727163029767,0.45353251783635384,-0.45353251783635384,0.0,0.0
452,453,291.4,0.0,0.0,0.0,1.0,0.0,0.0,1.0,0.0,0,1.0,0,0.705279519234286,0.705279519234286,0.294720480765714,0.5653604331241001,0.4346395668758999,0.294720480765714,-0.294720480765714,0.0,0.0
453,454,386.8,1.0,1.0,0.0,1.0,0.0,0.0,1.0,0.0,0,1.0,0,0.5175709864940274,0.8084808511699375,0.19151914883006244,0.5175709864940274,0.4824290135059726,0.0,0.0,0.48242901350597256,-0.4824290135059726
454,455,314.3,1.0,1.0,0.0,1.0,0.0,0.0,1.0,0.0,0,1.0,0,0.6865016174052768,0.5829295739102811,0.4170704260897189,0.6865016174052768,0.3134983825947232,0.0,0.0,0.3134983825947232,-0.3134983825947232
455,456,485.7,0.0,1.0,1.0,1.0,1.0,0.0,1.0,0.0,0,1.0,0,0.20372165259146607,0.5222941365820861,0.4777058634179139,0.796278347408534,0.20372165259146607,0.0,0.0,-0.796278347408534,0.796278347408534
456,457,649.2,1.0,1.0,0.0,1.0,0.0,0.0,1.0,0.0,0,1.0,0,0.5174480949924958,0.505993380919555,0.4940066190804449,0.5174480949924958,0.48255190500750433,0.0,0.0,0.4825519050075042,-0.48255190500750433
457,458,344.6,1.0,1.0,0.0,1.0,0.0,0.0,1.0,0.0,0,1.0,0,0.6864217584293731,0.5016112135455271,0.498388786454473,0.6864217584293731,0.31357824157062697,0.0,0.0,0.31357824157062686,-0.31357824157062697
458,459,368.1,0.0,0.0,0.0,1.0,0.0,0.0,1.0,0.0,0,1.0,0,0.5004331460196063,0.5004331460196063,0.4995668539803937,0.7962264523958366,0.20377354760416352,0.4995668539803937,-0.4995668539803937,0.0,0.0
459,460,251.5,0.0,0.0,0.0,1.0,0.0,0.0,1.0,0.0,0,1.0,0,0.6753648799382403,0.6753648799382403,0.32463512006175965,0.5796351974035753,0.4203648025964247,0.32463512006175965,-0.32463512006175965,0.0,0.0
460,461,378.9,1.0,0.0,1.0,1.0,1.0,0.0,1.0,0.0,0,1.0,0,0.21095867417506692,0.7890413258249331,0.21095867417506692,0.5214085022259665,0.4785914977740336,-0.7890413258249331,0.7890413258249331,0.0,0.0
461,462,302.3,1.0,1.0,0.0,1.0,0.0,0.0,1.0,0.0,0,1.0,0,0.5057552939215623,0.5127452382037345,0.4872547617962656,0.5057552939215623,0.49424470607843773,0.0,0.0,0.49424470607843773,-0.49424470607843773
462,463,301.8,1.0,1.0,0.0,1.0,0.0,0.0,1.0,0.0,0,1.0,0,0.6788233882627452,0.5034263299313787,0.4965736700686213,0.6788233882627452,0.32117661173725476,0.0,0.0,0.32117661173725476,-0.32117661173725476
463,464,425.2,0.0,1.0,1.0,1.0,1.0,0.0,1.0,0.0,0,1.0,0,0.20871122069368703,0.500921107680453,0.4990788923195471,0.791288779306313,0.20871122069368703,0.0,0.0,-0.791288779306313,0.791288779306313
464,465,516.7,1.0,1.0,0.0,1.0,0.0,0.0,1.0,0.0,0,1.0,0,0.5142057080586653,0.5002476233684384,0.4997523766315616,0.5142057080586653,0.48579429194133483,0.0,0.0,0.4857942919413347,-0.48579429194133483
465,466,268.1,1.0,1.0,0.0,1.0,0.0,0.0,1.0,0.0,0,1.0,0,0.6843147477997367,0.5000665691253021,0.49993343087469794,0.6843147477997367,0.31568525220026344,0.0,0.0,0.31568525220026333,-0.31568525220026344
466,467,403.6,1.0,0.0,1.0,1.0,1.0,0.0,1.0,0.0,0,1.0,0,0.49998210407817556,0.5000178959218244,0.49998210407817556,0.7948572469666263,0.20514275303337376,-0.5000178959218244,0.5000178959218244,0.0,0.0
467,468,275.0,1.0,0.0,1.0,1.0,1.0,0.0,1.0,0.0,0,1.0,0,0.6750717779166738,0.32492822208332617,0.6750717779166738,0.5792671109489075,0.4207328890510925,-0.32492822208332617,0.32492822208332617,0.0,0.0
468,469,370.2,1.0,1.0,0.0,1.0,0.0,0.0,1.0,0.0,0,1.0,0,0.5213095487488479,0.21114914159540005,0.7888508584045999,0.5213095487488479,0.4786904512511521,0.0,0.0,0.47869045125115206,-0.4786904512511521
469,470,317.6,1.0,0.0,1.0,1.0,1.0,0.0,1.0,0.0,0,1.0,0,0.5776524005307426,0.42234759946925726,0.5776524005307426,0.6889310592242883,0.3110689407757117,-0.42234759946925726,0.4223475994692574,0.0,0.0
470,471,333.0,1.0,1.0,0.0,1.0,0.0,0.0,1.0,0.0,0,1.0,0,0.5507907449699595,0.2744554859255722,0.7255445140744278,0.5507907449699595,0.4492092550300405,0.0,0.0,0.4492092550300405,-0.4492092550300405
471,472,368.5,0.0,0.0,0.0,1.0,0.0,0.0,1.0,0.0,0,1.0,0,0.43936638083350665,0.43936638083350665,0.5606336191664933,0.708088918875202,0.291911081124798,0.5606336191664933,-0.5606336191664933,0.0,0.0
472,473,339.9,1.0,1.0,0.0,1.0,0.0,0.0,1.0,0.0,0,1.0,0,0.555940993783971,0.635681669392909,0.36431833060709096,0.555940993783971,0.444059006216029,0.0,0.0,0.444059006216029,-0.444059006216029
473,474,443.4,1.0,0.0,1.0,1.0,1.0,0.0,1.0,0.0,0,1.0,0,0.46352440358124203,0.536475596418758,0.46352440358124203,0.711435721467814,0.2885642785321861,-0.536475596418758,0.536475596418758,0.0,0.0
474,475,494.8,0.0,1.0,1.0,1.0,1.0,0.0,1.0,0.0,0,1.0,0,0.44315927804193167,0.3486196457310251,0.6513803542689749,0.5568407219580684,0.44315927804193167,0.0,0.0,-0.5568407219580684,0.5568407219580683
475,476,370.2,0.0,0.0,0.0,1.0,0.0,0.0,1.0,0.0,0,1.0,0,0.45930409219793766,0.45930409219793766,0.5406959078020623,0.361853580132098,0.6381464198679021,0.5406959078020623,-0.5406959078020623,0.0,0.0
476,477,405.7,1.0,1.0,0.0,1.0,0.0,0.0,1.0,0.0,0,1.0,0,0.46286179938421934,0.6486378558792182,0.3513621441207818,0.46286179938421934,0.5371382006157807,0.0,0.0,0.5371382006157807,-0.5371382006157807
477,478,513.1,1.0,0.0,1.0,1.0,1.0,0.0,1.0,0.0,0,1.0,0,0.4600413639671564,0.5399586360328437,0.4600413639671564,0.6509497720729385,0.34905022792706153,-0.5399586360328437,0.5399586360328437,0.0,0.0
478,479,508.6,1.0,1.0,0.0,1.0,0.0,0.0,1.0,0.0,0,1.0,0,0.5405801534597257,0.35088304045845625,0.6491169595415438,0.5405801534597257,0.4594198465402744,0.0,0.0,0.45941984654027435,-0.4594198465402744
479,480,600.0,1.0,0.0,1.0,0.0,0.0,0.0,1.0,0.0,1,1.0,0,0.4599125654941723,0.4599125654941723,0.5400874345058277,0.7014537376688916,0.2985462623311085,-0.4599125654941723,0.45991256549417225,0.0,0.0
480,481,419.4,1.0,0.0,1.0,1.0,1.0,0.0,1.0,0.0,0,1.0,1,0.701133552541554,0.29886644745844604,0.701133552541554,0.5541572436802937,0.44584275631970627,-0.29886644745844604,0.29886644745844604,0.0,0.0
481,482,414.8,0.0,0.0,0.0,1.0,0.0,0.0,1.0,0.0,0,1.0,0,0.19421333557272402,0.19421333557272402,0.805786664427276,0.5145592088634632,0.4854407911365368,0.805786664427276,-0.805786664427276,0.0,0.0
482,483,498.3,1.0,0.0,1.0,1.0,1.0,0.0,1.0,0.0,0,1.0,0,0.5236269149289476,0.4763730850710524,0.5236269149289476,0.5039139835841955,0.4960860164158045,-0.4763730850710524,0.47637308507105236,0.0,0.0
483,484,413.8,1.0,0.0,1.0,1.0,1.0,0.0,1.0,0.0,0,1.0,0,0.6904369606709309,0.30956303932906915,0.6904369606709309,0.501052204665859,0.498947795334141,-0.30956303932906915,0.30956303932906915,0.0,0.0
484,485,285.2,1.0,0.0,1.0,1.0,1.0,0.0,1.0,0.0,0,1.0,0,0.7988356640586494,0.20116433594135066,0.7988356640586494,0.5002828664543525,0.49971713354564745,-0.20116433594135066,0.20116433594135064,0.0,0.0
485,486,288.6,1.0,0.0,1.0,1.0,1.0,0.0,1.0,0.0,0,1.0,0,0.869276738778535,0.1307232612214651,0.869276738778535,0.5000760436002559,0.4999239563997441,-0.1307232612214651,0.13072326122146505,0.0,0.0
486,487,324.1,1.0,0.0,1.0,1.0,1.0,0.0,1.0,0.0,0,1.0,0,0.9150516867494964,0.08494831325050364,0.9150516867494964,0.5000204429654026,0.4999795570345974,-0.08494831325050364,0.08494831325050356,0.0,0.0
487,488,355.5,0.0,1.0,1.0,1.0,1.0,0.0,1.0,0.0,0,1.0,0,0.4999945042734294,0.0552022329972347,0.9447977670027653,0.5000054957265706,0.4999945042734294,0.0,0.0,-0.5000054957265706,0.5000054957265706
488,489,439.0,1.0,1.0,0.0,1.0,0.0,0.0,1.0,0.0,0,1.0,0,0.3249201640249443,0.38042405499762,0.61957594500238,0.3249201640249443,0.6750798359750557,0.0,0.0,0.6750798359750557,-0.6750798359750557
489,490,418.3,1.0,0.0,1.0,1.0,1.0,0.0,1.0,0.0,0,1.0,0,0.5321458597230847,0.4678541402769153,0.5321458597230847,0.5613107197627721,0.43868928023722786,-0.4678541402769153,0.4678541402769153,0.0,0.0
490,491,537.8,1.0,1.0,0.0,1.0,0.0,0.0,1.0,0.0,0,1.0,0,0.516482293298842,0.3040271462969171,0.6959728537030829,0.516482293298842,0.48351770670115796,0.0,0.0,0.483517706701158,-0.48351770670115796
491,492,429.2,1.0,1.0,0.0,1.0,0.0,0.0,1.0,0.0,0,1.0,0,0.6857941484382838,0.44731619420154684,0.5526838057984531,0.6857941484382838,0.31420585156171615,0.0,0.0,0.3142058515617162,-0.31420585156171615
492,493,720.7,1.0,0.0,1.0,1.0,1.0,0.0,1.0,0.0,0,1.0,0,0.5141631013732871,0.48583689862671287,0.5141631013732871,0.7958186105961137,0.20418138940388628,-0.48583689862671287,0.48583689862671287,0.0,0.0
493,494,348.1,1.0,0.0,1.0,1.0,1.0,0.0,1.0,0.0,0,1.0,0,0.6842870605616564,0.3157129394383436,0.6842870605616564,0.5795255564111261,0.4204744435888738,-0.3157129394383436,0.31571293943834355,0.0,0.0
494,495,547.6,1.0,0.0,1.0,1.0,1.0,0.0,1.0,0.0,0,1.0,0,0.7948392548805087,0.2051607451194914,0.7948392548805087,0.5213790272010097,0.4786209727989903,-0.2051607451194914,0.20516074511949134,0.0,0.0
495,496,275.0,1.0,0.0,1.0,1.0,1.0,0.0,1.0,0.0,0,1.0,0,0.8666797394719865,0.1333202605280135,0.8666797394719865,0.5057473700869016,0.4942526299130984,-0.1333202605280135,0.1333202605280135,0.0,0.0
496,497,262.5,1.0,0.0,1.0,1.0,1.0,0.0,1.0,0.0,0,1.0,0,0.9133640704175394,0.08663592958246055,0.9133640704175394,0.501545077921705,0.49845492207829495,-0.08663592958246055,0.08663592958246058,0.0,0.0
497,498,369.9,1.0,1.0,0.0,1.0,0.0,0.0,1.0,0.0,0,1.0,0,0.5004153666369217,0.05629890209402894,0.943701097905971,0.5004153666369217,0.49958463336307835,0.0,0.0,0.49958463336307835,-0.49958463336307835
498,499,333.3,0.0,0.0,0.0,1.0,0.0,0.0,1.0,0.0,0,1.0,0,0.3807188749210376,0.3807188749210376,0.6192811250789624,0.6753533263053553,0.3246466736946447,0.6192811250789624,-0.6192811250789624,0.0,0.0
499,500,360.8,1.0,1.0,0.0,1.0,0.0,0.0,1.0,0.0,0,1.0,0,0.5471406136851025,0.5975705738077637,0.4024294261922363,0.5471406136851025,0.4528593863148976,0.0,0.0,0.4528593863148975,-0.4528593863148976
500,501,244.2,1.0,1.0,0.0,1.0,0.0,0.0,1.0,0.0,0,1.0,0,0.7057169424350933,0.5262301082267242,0.4737698917732758,0.7057169424350933,0.2942830575649068,0.0,0.0,0.2942830575649067,-0.2942830575649068
501,502,399.7,1.0,0.0,1.0,1.0,1.0,0.0,1.0,0.0,0,1.0,0,0.4929485033167764,0.5070514966832236,0.4929485033167764,0.808765103281903,0.191234896718097,-0.5070514966832236,0.5070514966832236,0.0,0.0
502,503,303.1,1.0,0.0,1.0,1.0,1.0,0.0,1.0,0.0,0,1.0,0,0.6705011107287885,0.3294988892712115,0.6705011107287885,0.5830059900198679,0.4169940099801322,-0.3294988892712115,0.3294988892712115,0.0,0.0
503,504,378.6,1.0,1.0,0.0,1.0,0.0,0.0,1.0,0.0,0,1.0,0,0.5223146796899772,0.21411931281368457,0.7858806871863154,0.5223146796899772,0.4776853203100228,0.0,0.0,0.47768532031002275,-0.4776853203100228
504,505,361.7,1.0,1.0,0.0,1.0,0.0,0.0,1.0,0.0,0,1.0,0,0.6895842266655456,0.42314607701701673,0.5768539229829832,0.6895842266655456,0.3104157733344544,0.0,0.0,0.31041577333445436,-0.3104157733344544
505,506,353.1,1.0,0.0,1.0,1.0,1.0,0.0,1.0,0.0,0,1.0,0,0.5206608062125753,0.4793391937874247,0.5206608062125753,0.7982815292035979,0.20171847079640223,-0.4793391937874247,0.47933919378742473,0.0,0.0
506,507,392.6,1.0,1.0,0.0,1.0,0.0,0.0,1.0,0.0,0,1.0,0,0.5801876681432474,0.31149051520458737,0.6885094847954126,0.5801876681432474,0.4198123318567526,0.0,0.0,0.4198123318567526,-0.4198123318567526
507,508,396.0,1.0,0.0,1.0,1.0,1.0,0.0,1.0,0.0,0,1.0,0,0.5506774122051361,0.44932258779486384,0.5506774122051361,0.7271920151030018,0.2728079848969982,-0.44932258779486384,0.4493225877948639,0.0,0.0
508,509,323.5,1.0,0.0,1.0,1.0,1.0,0.0,1.0,0.0,0,1.0,0,0.7080152714836222,0.2919847285163777,0.7080152714836222,0.5610765204285919,0.43892347957140815,-0.2919847285163777,0.2919847285163778,0.0,0.0
509,510,262.9,1.0,0.0,1.0,1.0,1.0,0.0,1.0,0.0,0,1.0,0,0.8102586337686952,0.18974136623130464,0.8102586337686952,0.5164193329856817,0.48358066701431834,-0.18974136623130464,0.18974136623130478,0.0,0.0
510,511,326.4,1.0,1.0,0.0,1.0,0.0,0.0,1.0,0.0,0,1.0,0,0.5044140447720805,0.12330023642761405,0.8766997635723859,0.5044140447720805,0.4955859552279195,0.0,0.0,0.4955859552279195,-0.4955859552279195
511,512,273.7,1.0,1.0,0.0,1.0,0.0,0.0,1.0,0.0,0,1.0,0,0.6779518000554703,0.3987309884335343,0.6012690115664657,0.6779518000554703,0.3220481999445297,0.0,0.0,0.3220481999445297,-0.3220481999445297
512,513,245.2,1.0,1.0,0.0,1.0,0.0,0.0,1.0,0.0,0,1.0,0,0.7907223923651885,0.47277563275752277,0.5272243672424772,0.7907223923651885,0.20927760763481146,0.0,0.0,0.2092776076348115,-0.20927760763481146
513,514,488.6,0.0,0.0,0.0,1.0,0.0,0.0,1.0,0.0,0,1.0,0,0.49268121451677427,0.49268121451677427,0.5073187854832257,0.8640044655896422,0.13599553441035783,0.5073187854832257,-0.5073187854832257,0.0,0.0
514,515,452.1,1.0,0.0,1.0,1.0,1.0,0.0,1.0,0.0,0,1.0,0,0.329672582403549,0.670327417596451,0.329672582403549,0.5978561071726269,0.402143892827373,-0.670327417596451,0.670327417596451,0.0,0.0
515,516,359.5,1.0,0.0,1.0,1.0,1.0,0.0,1.0,0.0,0,1.0,0,0.5643989989362791,0.4356010010637209,0.5643989989362791,0.5263068687782965,0.4736931312217035,-0.4356010010637209,0.4356010010637209,0.0,0.0
516,517,271.0,1.0,0.0,1.0,1.0,1.0,0.0,1.0,0.0,0,1.0,0,0.7169320138983968,0.2830679861016032,0.7169320138983968,0.507072132388198,0.49292786761180196,-0.2830679861016032,0.2830679861016032,0.0,0.0
517,518,314.4,1.0,1.0,0.0,1.0,0.0,0.0,1.0,0.0,0,1.0,0,0.501901216634245,0.18394697110417377,0.8160530288958262,0.501901216634245,0.4980987833657549,0.0,0.0,0.49809878336575497,-0.4980987833657549
518,519,321.9,1.0,1.0,0.0,1.0,0.0,0.0,1.0,0.0,0,1.0,0,0.6763188809422003,0.41503478118664205,0.5849652188133578,0.6763188809422003,0.3236811190577997,0.0,0.0,0.3236811190577997,-0.3236811190577997
519,520,501.3,1.0,0.0,1.0,1.0,1.0,0.0,1.0,0.0,0,1.0,0,0.5228413834008256,0.47715861659917436,0.5228413834008256,0.7896612673362482,0.21033873266375175,-0.47715861659917436,0.47715861659917436,0.0,0.0
520,521,392.8,0.0,1.0,1.0,1.0,1.0,0.0,1.0,0.0,0,1.0,0,0.4221297354847027,0.31007350378425125,0.6899264962157488,0.5778702645152973,0.4221297354847027,0.0,0.0,-0.5778702645152973,0.5778702645152973
521,522,388.1,1.0,1.0,0.0,1.0,0.0,0.0,1.0,0.0,0,1.0,0,0.3755192747603845,0.4489416495522831,0.5510583504477169,0.3755192747603845,0.6244807252396155,0.0,0.0,0.6244807252396155,-0.6244807252396155
522,523,495.6,0.0,1.0,1.0,1.0,1.0,0.0,1.0,0.0,0,1.0,0,0.4058082989276421,0.48627387330159305,0.5137261266984069,0.5941917010723579,0.4058082989276421,0.0,0.0,-0.5941917010723579,0.5941917010723579
523,524,427.0,1.0,0.0,1.0,1.0,1.0,0.0,1.0,0.0,0,1.0,0,0.5036900243053023,0.49630997569469765,0.5036900243053023,0.3861254858691978,0.6138745141308022,-0.49630997569469765,0.4963099756946977,0.0,0.0
524,525,326.5,1.0,0.0,1.0,1.0,1.0,0.0,1.0,0.0,0,1.0,0,0.6774813075292209,0.3225186924707791,0.6774813075292209,0.4693868682600808,0.5306131317399192,-0.3225186924707791,0.32251869247077913,0.0,0.0
525,526,341.9,0.0,1.0,1.0,1.0,1.0,0.0,1.0,0.0,0,1.0,0,0.5082297943668869,0.20958334929186928,0.7904166507081307,0.4917702056331132,0.5082297943668869,0.0,0.0,-0.4917702056331132,0.49177020563311313
526,527,249.3,1.0,0.0,1.0,1.0,1.0,0.0,1.0,0.0,0,1.0,0,0.5780733358596986,0.42192666414030144,0.5780733358596986,0.3195685992304996,0.6804314007695005,-0.42192666414030144,0.42192666414030144,0.0,0.0
527,528,384.8,1.0,1.0,0.0,1.0,0.0,0.0,1.0,0.0,0,1.0,0,0.451494236581943,0.27418194817989305,0.725818051820107,0.451494236581943,0.548505763418057,0.0,0.0,0.548505763418057,-0.548505763418057
528,529,460.2,1.0,0.0,1.0,1.0,1.0,0.0,1.0,0.0,0,1.0,0,0.5607071549098352,0.4392928450901647,0.5607071549098352,0.6435627525264587,0.35643724747354133,-0.4392928450901647,0.43929284509016475,0.0,0.0
529,530,343.7,1.0,0.0,1.0,1.0,1.0,0.0,1.0,0.0,0,1.0,0,0.7145329311345493,0.2854670688654507,0.7145329311345493,0.538594285030184,0.46140571496981597,-0.2854670688654507,0.2854670688654507,0.0,0.0
530,531,363.1,1.0,1.0,0.0,1.0,0.0,0.0,1.0,0.0,0,1.0,0,0.5103753850548147,0.1855059746987363,0.8144940253012637,0.5103753850548147,0.4896246149451853,0.0,0.0,0.4896246149451853,-0.4896246149451853
531,532,298.6,0.0,0.0,0.0,1.0,0.0,0.0,1.0,0.0,0,1.0,0,0.4154538914922943,0.4154538914922943,0.5845461085077057,0.6818256768008846,0.31817432319911537,0.5845461085077057,-0.5845461085077057,0.0,0.0
532,533,418.0,1.0,0.0,1.0,1.0,1.0,0.0,1.0,0.0,0,1.0,0,0.3798574597274643,0.6201425402725357,0.3798574597274643,0.5488805896568899,0.4511194103431101,-0.6201425402725357,0.6201425402725357,0.0,0.0
533,534,285.4,0.0,0.0,0.0,1.0,0.0,0.0,1.0,0.0,0,1.0,0,0.4029892023714615,0.4029892023714615,0.5970107976285385,0.513140674558422,0.48685932544157795,0.5970107976285385,-0.5970107976285385,0.0,0.0
534,535,484.8,1.0,1.0,0.0,1.0,0.0,0.0,1.0,0.0,0,1.0,0,0.5035326359412283,0.6120425716356396,0.3879574283643604,0.5035326359412283,0.49646736405877173,0.0,0.0,0.4964673640587717,-0.49646736405877173
535,536,468.3,0.0,1.0,1.0,1.0,1.0,0.0,1.0,0.0,0,1.0,0,0.32262096865275636,0.5301206466797419,0.4698793533202581,0.6773790313472436,0.32262096865275636,0.0,0.0,-0.6773790313472436,0.6773790313472436
536,537,319.7,1.0,0.0,1.0,1.0,1.0,0.0,1.0,0.0,0,1.0,0,0.4919026014562017,0.5080973985437983,0.4919026014562017,0.4401833736898831,0.559816626310117,-0.5080973985437983,0.5080973985437983,0.0,0.0
537,538,355.2,1.0,1.0,0.0,1.0,0.0,0.0,1.0,0.0,0,1.0,0,0.4839193670730771,0.33017855100892524,0.6698214489910748,0.4839193670730771,0.516080632926923,0.0,0.0,0.516080632926923,-0.516080632926923
538,539,326.6,1.0,1.0,0.0,1.0,0.0,0.0,1.0,0.0,0,1.0,0,0.6646336783617838,0.4543465328488149,0.5456534671511851,0.6646336783617838,0.33536632163821634,0.0,0.0,0.3353663216382162,-0.33536632163821634
539,540,306.1,1.0,1.0,0.0,1.0,0.0,0.0,1.0,0.0,0,1.0,0,0.7820678349209176,0.48772687975925894,0.5122731202407411,0.7820678349209176,0.21793216507908253,0.0,0.0,0.21793216507908242,-0.21793216507908253
540,541,401.2,1.0,0.0,1.0,1.0,1.0,0.0,1.0,0.0,0,1.0,0,0.5032994094390436,0.4967005905609564,0.5032994094390436,0.8583804469570677,0.1416195530429323,-0.4967005905609564,0.4967005905609564,0.0,0.0
541,542,388.6,0.0,1.0,1.0,1.0,1.0,0.0,1.0,0.0,0,1.0,0,0.40365580991102357,0.32277252697359976,0.6772274730264003,0.5963441900889765,0.40365580991102357,0.0,0.0,-0.5963441900889765,0.5963441900889764
542,543,400.1,1.0,0.0,1.0,1.0,1.0,0.0,1.0,0.0,0,1.0,0,0.5476444445985357,0.4523555554014643,0.5476444445985357,0.38752424466348934,0.6124757553365108,-0.4523555554014643,0.4523555554014643,0.0,0.0
543,544,259.5,1.0,0.0,1.0,1.0,1.0,0.0,1.0,0.0,0,1.0,0,0.7060443484824921,0.29395565151750785,0.7060443484824921,0.46976289960975426,0.5302371003902457,-0.29395565151750785,0.2939556515175079,0.0,0.0
544,545,315.0,1.0,0.0,1.0,1.0,1.0,0.0,1.0,0.0,0,1.0,0,0.8089778625966162,0.1910221374033838,0.8089778625966162,0.4918712949535266,0.5081287050464733,-0.1910221374033838,0.1910221374033838,0.0,0.0
545,546,402.4,1.0,1.0,0.0,1.0,0.0,0.0,1.0,0.0,0,1.0,0,0.497814742654561,0.12413252403818455,0.8758674759618155,0.497814742654561,0.5021852573454391,0.0,0.0,0.5021852573454391,-0.5021852573454391
546,547,477.9,1.0,0.0,1.0,1.0,1.0,0.0,1.0,0.0,0,1.0,0,0.6010452658893721,0.3989547341106278,0.6010452658893721,0.6736633545387691,0.326336645461231,-0.3989547341106278,0.3989547341106279,0.0,0.0
547,548,465.2,1.0,1.0,0.0,1.0,0.0,0.0,1.0,0.0,0,1.0,0,0.5466862949227161,0.25925402571303113,0.7407459742869689,0.5466862949227161,0.45331370507728386,0.0,0.0,0.45331370507728386,-0.45331370507728386
548,549,388.7,1.0,1.0,0.0,1.0,0.0,0.0,1.0,0.0,0,1.0,0,0.7054217110265271,0.43527973943110193,0.5647202605688981,0.7054217110265271,0.29457828897347293,0.0,0.0,0.29457828897347293,-0.29457828897347293
549,550,312.1,0.0,0.0,0.0,1.0,0.0,0.0,1.0,0.0,0,1.0,0,0.4826011124775315,0.4826011124775315,0.5173988875224685,0.8085732521152328,0.19142674788476716,0.5173988875224684,-0.5173988875224685,0.0,0.0
550,551,403.6,1.0,0.0,1.0,1.0,1.0,0.0,1.0,0.0,0,1.0,0,0.3362229672212591,0.6637770327787409,0.3362229672212591,0.5829544142561022,0.4170455857438978,-0.6637770327787409,0.6637770327787409,0.0,0.0
551,552,471.0,1.0,1.0,0.0,1.0,0.0,0.0,1.0,0.0,0,1.0,0,0.5223008144659383,0.43134434363177787,0.5686556563682221,0.5223008144659383,0.47769918553406165,0.0,0.0,0.47769918553406165,-0.47769918553406165
552,553,314.5,1.0,1.0,0.0,1.0,0.0,0.0,1.0,0.0,0,1.0,0,0.6895752165828416,0.4815431515196033,0.5184568484803966,0.6895752165828416,0.3104247834171584,0.0,0.0,0.3104247834171584,-0.3104247834171584
553,554,265.9,1.0,1.0,0.0,1.0,0.0,0.0,1.0,0.0,0,1.0,0,0.7982756741528532,0.4950382055339872,0.5049617944660127,0.7982756741528532,0.20172432584714683,0.0,0.0,0.20172432584714683,-0.20172432584714683
554,555,445.4,1.0,0.0,1.0,1.0,1.0,0.0,1.0,0.0,0,1.0,0,0.5013338899297517,0.49866611007024825,0.5013338899297517,0.8689128387542377,0.13108716124576225,-0.49866611007024825,0.4986661100702483,0.0,0.0
555,556,544.8,0.0,0.0,0.0,1.0,0.0,0.0,1.0,0.0,0,1.0,0,0.3240497867773652,0.3240497867773652,0.6759502132226348,0.5991756357384644,0.40082436426153556,0.6759502132226348,-0.6759502132226348,0.0,0.0
556,557,388.2,0.0,0.0,0.0,1.0,0.0,0.0,1.0,0.0,0,1.0,0,0.5607451197434443,0.5607451197434443,0.43925488025655574,0.5266616004944219,0.4733383995055781,0.4392548802565557,-0.43925488025655574,0.0,0.0
557,558,359.6,1.0,1.0,0.0,1.0,0.0,0.0,1.0,0.0,0,1.0,0,0.5071674956820919,0.7145576019433081,0.2854423980566919,0.5071674956820919,0.49283250431790815,0.0,0.0,0.49283250431790815,-0.49283250431790815
558,559,387.1,1.0,0.0,1.0,1.0,1.0,0.0,1.0,0.0,0,1.0,0,0.44232001616668176,0.5576799838333182,0.44232001616668176,0.6797410838312725,0.3202589161687274,-0.5576799838333182,0.5576799838333182,0.0,0.0
559,560,358.5,1.0,0.0,1.0,1.0,1.0,0.0,1.0,0.0,0,1.0,0,0.6376010396500911,0.3623989603499089,0.6376010396500911,0.5483201840236369,0.45167981597636303,-0.3623989603499089,0.3623989603499089,0.0,0.0
560,561,385.9,1.0,1.0,0.0,1.0,0.0,0.0,1.0,0.0,0,1.0,0,0.5129900195008833,0.23549887080392012,0.7645011291960799,0.5129900195008833,0.48700998049911665,0.0,0.0,0.4870099804991167,-0.48700998049911665
561,562,385.4,1.0,0.0,1.0,1.0,1.0,0.0,1.0,0.0,0,1.0,0,0.5711064102028669,0.4288935897971331,0.5711064102028669,0.6835247530317315,0.31647524696826834,-0.4288935897971331,0.4288935897971331,0.0,0.0
562,563,380.8,1.0,1.0,0.0,1.0,0.0,0.0,1.0,0.0,0,1.0,0,0.54933735599208,0.27870928767218783,0.7212907123278122,0.54933735599208,0.4506626440079199,0.0,0.0,0.45066264400792,-0.4506626440079199
563,564,664.3,1.0,0.0,1.0,1.0,1.0,0.0,1.0,0.0,0,1.0,0,0.5594900604496142,0.4405099395503857,0.5594900604496142,0.7071444584860248,0.2928555415139751,-0.4405099395503857,0.44050993955038575,0.0,0.0
564,565,447.7,0.0,1.0,1.0,1.0,1.0,0.0,1.0,0.0,0,1.0,0,0.44431290754362374,0.28625797723551616,0.7137420227644838,0.5556870924563763,0.44431290754362374,0.0,0.0,-0.5556870924563763,0.5556870924563763
565,566,371.2,1.0,1.0,0.0,1.0,0.0,0.0,1.0,0.0,0,1.0,0,0.3611039133981971,0.44253927007995864,0.5574607299200414,0.3611039133981971,0.638896086601803,0.0,0.0,0.638896086601803,-0.638896086601803
566,567,590.6,0.0,1.0,1.0,1.0,1.0,0.0,1.0,0.0,0,1.0,0,0.41517587912088494,0.48455270779119547,0.5154472922088046,0.5848241208791152,0.41517587912088494,0.0,0.0,-0.5848241208791152,0.5848241208791151
567,568,290.0,1.0,0.0,1.0,1.0,1.0,0.0,1.0,0.0,0,1.0,0,0.5041527289492536,0.4958472710507465,0.5041527289492536,0.3800381213923687,0.6199618786076313,-0.4958472710507465,0.49584727105074644,0.0,0.0
568,569,349.4,0.0,1.0,1.0,1.0,1.0,0.0,1.0,0.0,0,1.0,0,0.532249611088266,0.32221801163808295,0.6777819883619172,0.46775038891173404,0.532249611088266,0.0,0.0,-0.46775038891173404,0.46775038891173404
569,570,440.9,0.0,0.0,0.0,1.0,0.0,0.0,1.0,0.0,0,1.0,0,0.4522064838453962,0.4522064838453962,0.5477935161546038,0.30395972521678766,0.6960402747832124,0.5477935161546038,-0.5477935161546038,0.0,0.0
570,571,408.3,1.0,1.0,0.0,1.0,0.0,0.0,1.0,0.0,0,1.0,0,0.4472980692468649,0.6440255944344886,0.3559744055655114,0.4472980692468649,0.5527019307531351,0.0,0.0,0.5527019307531351,-0.5527019307531351
571,572,395.8,0.0,1.0,1.0,1.0,1.0,0.0,1.0,0.0,0,1.0,0,0.35916405625952974,0.5387187118206158,0.4612812881793842,0.6408359437404703,0.35916405625952974,0.0,0.0,-0.6408359437404703,0.6408359437404703
572,573,467.2,1.0,0.0,1.0,1.0,1.0,0.0,1.0,0.0,0,1.0,0,0.48959116502220174,0.5104088349777983,0.48959116502220174,0.41643646266460144,0.5835635373353986,-0.5104088349777983,0.5104088349777982,0.0,0.0
573,574,386.7,0.0,1.0,1.0,1.0,1.0,0.0,1.0,0.0,0,1.0,0,0.5224645663397852,0.33168059910977093,0.6683194008902291,0.4775354336602148,0.5224645663397852,0.0,0.0,-0.4775354336602148,0.4775354336602148
574,575,358.1,1.0,1.0,0.0,1.0,0.0,0.0,1.0,0.0,0,1.0,0,0.3103183720153549,0.45475033168599865,0.5452496683140013,0.3103183720153549,0.6896816279846452,0.0,0.0,0.6896816279846452,-0.6896816279846452
575,576,361.6,0.0,1.0,1.0,1.0,1.0,0.0,1.0,0.0,0,1.0,0,0.4481780092519354,0.487835433873351,0.5121645661266491,0.5518219907480647,0.4481780092519354,0.0,0.0,-0.5518219907480647,0.5518219907480646
576,577,434.1,1.0,1.0,0.0,1.0,0.0,0.0,1.0,0.0,0,2.0,0,0.35859224204303974,0.4967297733980554,0.5032702266019446,0.35859224204303974,0.6414077579569604,0.0,0.0,0.6414077579569603,-0.6414077579569604
577,578,261.5,1.0,1.0,0.0,1.0,0.0,0.0,1.0,0.0,0,2.0,0,0.5831919534816177,0.49912085791497013,0.5008791420850299,0.5831919534816177,0.41680804651838244,0.0,0.0,0.4168080465183823,-0.41680804651838244
578,579,249.0,1.0,1.0,0.0,1.0,0.0,0.0,1.0,0.0,0,2.0,0,0.7291442994144022,0.4997636583332754,0.5002363416667246,0.7291442994144022,0.2708557005855978,0.0,0.0,0.2708557005855978,-0.2708557005855978
579,580,276.4,1.0,1.0,0.0,1.0,0.0,0.0,1.0,0.0,0,2.0,0,0.8239889772941811,0.49993646375895173,0.5000635362410483,0.8239889772941811,0.17601102270581886,0.0,0.0,0.17601102270581892,-0.17601102270581886
580,581,259.9,1.0,1.0,0.0,1.0,0.0,0.0,1.0,0.0,0,2.0,0,0.8856221964427224,0.49998291941500417,0.5000170805849958,0.8856221964427224,0.11437780355727752,0.0,0.0,0.11437780355727756,-0.11437780355727752
581,582,267.3,1.0,1.0,0.0,1.0,0.0,0.0,1.0,0.0,0,2.0,0,0.9256735075708717,0.49999540818942095,0.5000045918105791,0.9256735075708717,0.07432649242912825,0.0,0.0,0.07432649242912825,-0.07432649242912825
582,583,374.7,0.0,0.0,0.0,1.0,0.0,0.0,1.0,0.0,0,2.0,0,0.4999987655736382,0.4999987655736382,0.5000012344263618,0.9517001786622807,0.048299821337719304,0.5000012344263618,-0.5000012344263618,0.0,0.0
583,584,302.1,0.0,0.0,0.0,1.0,0.0,0.0,1.0,0.0,0,2.0,0,0.6750826051093446,0.6750826051093446,0.32491739489065546,0.6214315352463321,0.3785684647536679,0.3249173948906554,-0.32491739489065546,0.0,0.0
584,585,493.6,1.0,0.0,1.0,1.0,1.0,0.0,1.0,0.0,0,2.0,0,0.2111421057262975,0.7888578942737026,0.2111421057262975,0.5326447020586768,0.4673552979413233,-0.7888578942737026,0.7888578942737026,0.0,0.0
585,586,357.0,1.0,1.0,0.0,1.0,0.0,0.0,1.0,0.0,0,2.0,0,0.5087759458063177,0.5126260382944883,0.4873739617055118,0.5087759458063177,0.49122405419368226,0.0,0.0,0.4912240541936823,-0.49122405419368226
586,587,320.5,1.0,1.0,0.0,1.0,0.0,0.0,1.0,0.0,0,2.0,0,0.6807863080991179,0.5033942851621607,0.4966057148378394,0.6807863080991179,0.3192136919008821,0.0,0.0,0.3192136919008821,-0.3192136919008821
587,588,339.9,0.0,1.0,1.0,1.0,1.0,0.0,1.0,0.0,0,2.0,0,0.20743565024365582,0.5009124930158887,0.4990875069841113,0.7925643497563442,0.20743565024365582,0.0,0.0,-0.7925643497563442,0.7925643497563442
588,589,447.4,1.0,0.0,1.0,1.0,1.0,0.0,1.0,0.0,0,2.0,0,0.49975469253045446,0.5002453074695455,0.49975469253045446,0.5150346160674607,0.4849653839325393,-0.5002453074695455,0.5002453074695455,0.0,0.0
589,590,430.8,1.0,1.0,0.0,1.0,0.0,0.0,1.0,0.0,0,2.0,0,0.5040417883302984,0.32507600165378736,0.6749239983462126,0.5040417883302984,0.49595821166970155,0.0,0.0,0.49595821166970155,-0.49595821166970155
590,591,630.3,0.0,1.0,1.0,1.0,1.0,0.0,1.0,0.0,0,2.0,0,0.32229010453389306,0.4529748034780195,0.5470251965219806,0.6777098954661069,0.32229010453389306,0.0,0.0,-0.6777098954661069,0.6777098954661069
591,592,501.8,1.0,0.0,1.0,1.0,1.0,0.0,1.0,0.0,0,2.0,0,0.51264188521208,0.48735811478792,0.51264188521208,0.4403983801741914,0.5596016198258086,-0.48735811478792,0.48735811478792,0.0,0.0
592,593,433.2,0.0,0.0,0.0,1.0,0.0,0.0,1.0,0.0,0,2.0,0,0.31670147618212197,0.31670147618212197,0.683298523817878,0.4839771677309267,0.5160228322690733,0.683298523817878,-0.683298523817878,0.0,0.0
593,594,448.6,1.0,1.0,0.0,1.0,0.0,0.0,1.0,0.0,0,2.0,0,0.4956925473724845,0.5559699436617431,0.4440300563382569,0.4956925473724845,0.5043074526275154,0.0,0.0,0.5043074526275155,-0.5043074526275154
594,595,752.0,1.0,0.0,1.0,1.0,1.0,0.0,1.0,0.0,2,2.0,0,0.48495347908290803,0.5150465209170919,0.48495347908290803,0.672284281618494,0.32771571838150604,-0.5150465209170919,0.515046520917092,0.0,0.0
595,596,303.4,1.0,0.0,1.0,1.0,1.0,0.0,1.0,0.0,0,2.0,0,0.6653056786632328,0.3346943213367672,0.6653056786632328,0.5463155557690997,0.4536844442309003,-0.3346943213367672,0.33469432133676724,0.0,0.0
596,597,326.9,0.0,1.0,1.0,1.0,1.0,0.0,1.0,0.0,0,2.0,0,0.4875488890451959,0.21749547698257593,0.782504523017424,0.5124511109548041,0.4875488890451959,0.0,0.0,-0.5124511109548041,0.5124511109548041
597,598,394.3,1.0,1.0,0.0,1.0,0.0,0.0,1.0,0.0,0,2.0,0,0.33300773781345394,0.4240536985271217,0.5759463014728783,0.33300773781345394,0.6669922621865461,0.0,0.0,0.6669922621865461,-0.6669922621865461
598,599,981.7,0.0,0.0,0.0,1.0,0.0,0.0,1.0,0.0,2,2.0,0,0.4795831916395421,0.4795831916395421,0.5204168083604579,0.5665662936002314,0.43343370639976864,0.5204168083604579,-0.5204168083604579,0.0,0.0
599,600,385.2,1.0,1.0,0.0,1.0,0.0,0.0,1.0,0.0,0,2.0,0,0.5178951605719371,0.6618158876671879,0.3381841123328121,0.5178951605719371,0.4821048394280629,0.0,0.0,0.4821048394280629,-0.4821048394280629
600,601,232.6,0.0,0.0,0.0,1.0,0.0,0.0,1.0,0.0,0,2.0,0,0.5435013147988278,0.5435013147988278,0.4564986852011722,0.6867122764789615,0.31328772352103845,0.4564986852011722,-0.4564986852011722,0.0,0.0
601,602,428.1,1.0,0.0,1.0,1.0,1.0,0.0,1.0,0.0,0,2.0,0,0.2966479947529388,0.7033520052470612,0.2966479947529388,0.5501942648092896,0.44980573519071043,-0.7033520052470612,0.7033520052470612,0.0,0.0
602,603,315.5,1.0,0.0,1.0,1.0,1.0,0.0,1.0,0.0,0,2.0,0,0.5429385259454775,0.45706147405452247,0.5429385259454775,0.5134938326887626,0.4865061673112374,-0.45706147405452247,0.45706147405452247,0.0,0.0
603,604,363.0,1.0,0.0,1.0,1.0,1.0,0.0,1.0,0.0,0,2.0,0,0.7029862863737592,0.29701371362624085,0.7029862863737592,0.5036275762046547,0.49637242379534524,-0.29701371362624085,0.29701371362624085,0.0,0.0
604,605,374.5,0.0,0.0,0.0,1.0,0.0,0.0,1.0,0.0,0,2.0,0,0.19300936764477172,0.19300936764477172,0.8069906323552283,0.5009752091510321,0.4990247908489679,0.8069906323552283,-0.8069906323552283,0.0,0.0
605,606,297.9,0.0,0.0,0.0,1.0,0.0,0.0,1.0,0.0,0,2.0,0,0.47559070675726495,0.47559070675726495,0.5244092932427351,0.5002621675836986,0.49973783241630143,0.5244092932427351,-0.5244092932427351,0.0,0.0
606,607,509.3,0.0,1.0,1.0,1.0,1.0,0.0,1.0,0.0,0,2.0,0,0.4999295209218765,0.6592214384983212,0.3407785615016789,0.5000704790781235,0.4999295209218765,0.0,0.0,-0.5000704790781235,0.5000704790781235
607,608,424.7,0.0,0.0,0.0,1.0,0.0,0.0,1.0,0.0,0,2.0,0,0.5428038434216256,0.5428038434216256,0.4571961565783744,0.3249623923632844,0.6750376076367156,0.4571961565783744,-0.4571961565783744,0.0,0.0
608,609,556.1,1.0,0.0,1.0,1.0,1.0,0.0,1.0,0.0,0,2.0,0,0.29710123479973854,0.7028987652002614,0.29710123479973854,0.45294426164692064,0.5470557383530794,-0.7028987652002614,0.7028987652002614,0.0,0.0
609,610,307.6,1.0,0.0,1.0,1.0,1.0,0.0,1.0,0.0,0,2.0,0,0.5432330563688579,0.45676694363114206,0.5432330563688579,0.48734990416145857,0.5126500958385415,-0.45676694363114206,0.4567669436311421,0.0,0.0
610,611,263.0,1.0,0.0,1.0,1.0,1.0,0.0,1.0,0.0,0,2.0,0,0.703177682016993,0.29682231798300696,0.703177682016993,0.49659924739627825,0.5034007526037217,-0.29682231798300696,0.29682231798300696,0.0,0.0
611,612,366.5,1.0,1.0,0.0,1.0,0.0,0.0,1.0,0.0,0,2.0,0,0.499085768327819,0.19288499240424992,0.8071150075957501,0.499085768327819,0.5009142316721811,0.0,0.0,0.5009142316721811,-0.5009142316721811
612,613,413.6,1.0,0.0,1.0,1.0,1.0,0.0,1.0,0.0,0,2.0,0,0.5825623912303648,0.4174376087696352,0.5825623912303648,0.6744893092007969,0.32551069079920314,-0.4174376087696352,0.4174376087696352,0.0,0.0
613,614,473.0,1.0,0.0,1.0,1.0,1.0,0.0,1.0,0.0,0,2.0,0,0.7287351889712386,0.2712648110287615,0.7287351889712386,0.5469083380995662,0.4530916619004338,-0.2712648110287615,0.27126481102876143,0.0,0.0
614,615,336.5,0.0,0.0,0.0,1.0,0.0,0.0,1.0,0.0,0,2.0,0,0.17627687624829624,0.17627687624829624,0.8237231237517038,0.5126104699098274,0.48738953009017266,0.8237231237517038,-0.8237231237517038,0.0,0.0
615,616,443.9,1.0,0.0,1.0,1.0,1.0,0.0,1.0,0.0,0,2.0,0,0.5352826214272354,0.46471737857276463,0.5352826214272354,0.5033900998796658,0.49660990012033424,-0.46471737857276463,0.46471737857276463,0.0,0.0
616,617,435.4,0.0,1.0,1.0,1.0,1.0,0.0,1.0,0.0,0,2.0,0,0.49908863212264964,0.3019887744467461,0.6980112255532539,0.5009113678773504,0.49908863212264964,0.0,0.0,-0.5009113678773504,0.5009113678773504
617,618,378.8,0.0,0.0,0.0,1.0,0.0,0.0,1.0,0.0,0,2.0,0,0.44676821429172653,0.44676821429172653,0.5532317857082735,0.32550882981028584,0.6744911701897142,0.5532317857082735,-0.5532317857082735,0.0,0.0
618,619,394.3,1.0,1.0,0.0,1.0,0.0,0.0,1.0,0.0,0,2.0,0,0.4530911616067612,0.6404916264071522,0.3595083735928478,0.4530911616067612,0.5469088383932388,0.0,0.0,0.5469088383932388,-0.5469088383932388
619,620,369.7,1.0,0.0,1.0,1.0,1.0,0.0,1.0,0.0,0,2.0,0,0.46223133244180137,0.5377686675581986,0.46223133244180137,0.6446004874022433,0.35539951259775665,-0.5377686675581986,0.5377686675581986,0.0,0.0
620,621,413.1,1.0,1.0,0.0,1.0,0.0,0.0,1.0,0.0,0,2.0,0,0.5388732615395987,0.3494599262685669,0.6505400737314331,0.5388732615395987,0.46112673846040125,0.0,0.0,0.4611267384604013,-0.46112673846040125
621,622,408.5,1.0,1.0,0.0,1.0,0.0,0.0,1.0,0.0,0,2.0,0,0.7003445426552356,0.4595299866308633,0.5404700133691367,0.7003445426552356,0.2996554573447644,0.0,0.0,0.2996554573447644,-0.2996554573447644
622,623,520.0,0.0,1.0,1.0,1.0,1.0,0.0,1.0,0.0,0,2.0,0,0.19472606038049303,0.4891203588419917,0.5108796411580083,0.805273939619507,0.19472606038049303,0.0,0.0,-0.805273939619507,0.805273939619507
623,624,563.4,1.0,0.0,1.0,1.0,1.0,0.0,1.0,0.0,0,2.0,0,0.502924797445639,0.497075202554361,0.502924797445639,0.5232937293338615,0.4767062706661386,-0.497075202554361,0.497075202554361,0.0,0.0
624,625,334.9,1.0,0.0,1.0,1.0,1.0,0.0,1.0,0.0,0,2.0,0,0.6769840377214225,0.3230159622785775,0.6769840377214225,0.5062621035993394,0.4937378964006606,-0.3230159622785775,0.32301596227857754,0.0,0.0
625,626,234.3,1.0,0.0,1.0,1.0,1.0,0.0,1.0,0.0,0,2.0,0,0.7900935082849064,0.2099064917150935,0.7900935082849064,0.5016834548442982,0.49831654515570184,-0.2099064917150935,0.20990649171509357,0.0,0.0
626,627,245.7,1.0,0.0,1.0,1.0,1.0,0.0,1.0,0.0,0,2.0,0,0.8635957958444807,0.13640420415551935,0.8635957958444807,0.5004525668040832,0.4995474331959168,-0.13640420415551935,0.13640420415551935,0.0,0.0
627,628,369.2,0.0,0.0,0.0,1.0,0.0,0.0,1.0,0.0,0,2.0,0,0.08863997849363661,0.08863997849363661,0.9113600215063634,0.5001216645120312,0.49987833548796884,0.9113600215063634,-0.9113600215063634,0.0,0.0
628,629,492.6,0.0,1.0,1.0,1.0,1.0,0.0,1.0,0.0,0,2.0,0,0.49996729266628875,0.40776801414287267,0.5922319858571274,0.5000327073337113,0.49996729266628875,0.0,0.0,-0.5000327073337113,0.5000327073337112
629,630,336.1,0.0,0.0,0.0,1.0,0.0,0.0,1.0,0.0,0,2.0,0,0.47520507590982675,0.47520507590982675,0.5247949240901733,0.3249378470302934,0.6750621529697066,0.5247949240901733,-0.5247949240901733,0.0,0.0
630,631,527.5,1.0,0.0,1.0,1.0,1.0,0.0,1.0,0.0,0,2.0,0,0.3410291572236731,0.6589708427763269,0.3410291572236731,0.45293766307200517,0.5470623369279948,-0.6589708427763269,0.6589708427763269,0.0,0.0
631,632,391.0,0.0,1.0,1.0,1.0,1.0,0.0,1.0,0.0,0,2.0,0,0.5126518697476968,0.4282211218726847,0.5717788781273153,0.48734813025230317,0.5126518697476968,0.0,0.0,-0.48734813025230317,0.48734813025230317
632,633,450.4,1.0,0.0,1.0,1.0,1.0,0.0,1.0,0.0,0,2.0,0,0.5192964709358152,0.48070352906418473,0.5192964709358152,0.316694987899537,0.683305012100463,-0.48070352906418473,0.4807035290641848,0.0,0.0
633,634,437.9,1.0,1.0,0.0,1.0,0.0,0.0,1.0,0.0,0,2.0,0,0.450721717437378,0.31237710554349096,0.687622894456509,0.450721717437378,0.549278282562622,0.0,0.0,0.549278282562622,-0.549278282562622
634,635,489.3,1.0,0.0,1.0,1.0,1.0,0.0,1.0,0.0,0,2.0,0,0.5504390682082255,0.4495609317917745,0.5504390682082255,0.6430607439499335,0.3569392560500665,-0.4495609317917745,0.4495609317917745,0.0,0.0
635,636,476.8,1.0,1.0,0.0,1.0,0.0,0.0,1.0,0.0,0,2.0,0,0.5384593289796135,0.2921396123551204,0.7078603876448796,0.5384593289796135,0.46154067102038654,0.0,0.0,0.46154067102038654,-0.46154067102038654
636,637,416.1,1.0,0.0,1.0,1.0,1.0,0.0,1.0,0.0,0,2.0,0,0.5558795572394206,0.4441204427605794,0.5558795572394206,0.7000755555412235,0.29992444445877653,-0.4441204427605794,0.4441204427605794,0.0,0.0
637,638,311.6,1.0,1.0,0.0,1.0,0.0,0.0,1.0,0.0,0,2.0,0,0.553786744000379,0.2886042020376336,0.7113957979623664,0.553786744000379,0.44621325599962103,0.0,0.0,0.44621325599962103,-0.44621325599962103
638,639,467.0,0.0,1.0,1.0,1.0,1.0,0.0,1.0,0.0,0,2.0,0,0.28996418153128867,0.44317001076418394,0.5568299892358161,0.7100358184687113,0.28996418153128867,0.0,0.0,-0.7100358184687113,0.7100358184687113
639,640,310.5,1.0,0.0,1.0,1.0,1.0,0.0,1.0,0.0,0,2.0,0,0.5152777288275046,0.48472227117249544,0.5152777288275046,0.46140483769122587,0.5385951623087741,-0.48472227117249544,0.48472227117249544,0.0,0.0
640,641,365.9,0.0,0.0,0.0,1.0,0.0,0.0,1.0,0.0,0,2.0,0,0.3149886175291919,0.3149886175291919,0.6850113824708082,0.4896243791044859,0.5103756208955141,0.6850113824708082,-0.6850113824708082,0.0,0.0
641,642,465.4,1.0,1.0,0.0,1.0,0.0,0.0,1.0,0.0,0,2.0,0,0.49721069941081825,0.554856871267103,0.4451431287328971,0.49721069941081825,0.5027893005891818,0.0,0.0,0.5027893005891817,-0.5027893005891818
642,643,576.8,1.0,0.0,1.0,1.0,1.0,0.0,1.0,0.0,0,2.0,0,0.48525270874033644,0.5147472912596636,0.48525270874033644,0.6732708271935448,0.3267291728064552,-0.5147472912596636,0.5147472912596636,0.0,0.0
643,644,480.3,1.0,1.0,0.0,1.0,0.0,0.0,1.0,0.0,0,2.0,0,0.5465807709481676,0.33449987197530273,0.6655001280246973,0.5465807709481676,0.45341922905183246,0.0,0.0,0.4534192290518324,-0.45341922905183246
644,645,479.7,0.0,1.0,1.0,1.0,1.0,0.0,1.0,0.0,0,2.0,0,0.294646861953994,0.45550824290346537,0.5444917570965346,0.7053531380460061,0.294646861953994,0.0,0.0,-0.7053531380460061,0.7053531380460061
645,646,303.1,0.0,1.0,1.0,1.0,1.0,0.0,1.0,0.0,0,2.0,0,0.541638123444253,0.4880391847839438,0.5119608152160562,0.458361876555747,0.541638123444253,0.0,0.0,-0.458361876555747,0.458361876555747
646,647,290.5,1.0,0.0,1.0,1.0,1.0,0.0,1.0,0.0,0,2.0,0,0.5032154518043025,0.4967845481956975,0.5032154518043025,0.2978587583259643,0.7021412416740357,-0.4967845481956975,0.4967845481956975,0.0,0.0
647,648,453.9,1.0,1.0,0.0,1.0,0.0,0.0,1.0,0.0,0,2.0,0,0.4456579331321665,0.3228270854308255,0.6771729145691745,0.4456579331321665,0.5543420668678335,0.0,0.0,0.5543420668678335,-0.5543420668678335
648,649,497.2,1.0,0.0,1.0,1.0,1.0,0.0,1.0,0.0,0,2.0,0,0.5476297775305676,0.45237022246943237,0.5476297775305676,0.6397701288645025,0.36022987113549754,-0.45237022246943237,0.45237022246943237,0.0,0.0
649,650,244.6,1.0,0.0,1.0,1.0,1.0,0.0,1.0,0.0,0,2.0,0,0.7060348173349934,0.2939651826650066,0.7060348173349934,0.5375747058145043,0.4624252941854957,-0.2939651826650066,0.2939651826650066,0.0,0.0
650,651,376.0,1.0,1.0,0.0,1.0,0.0,0.0,1.0,0.0,0,2.0,0,0.5101012893707442,0.19102833105932382,0.8089716689406762,0.5101012893707442,0.48989871062925583,0.0,0.0,0.48989871062925583,-0.48989871062925583
651,652,419.5,1.0,1.0,0.0,1.0,0.0,0.0,1.0,0.0,0,2.0,0,0.68164756032939,0.41693847848765353,0.5830615215123465,0.68164756032939,0.31835243967061,0.0,0.0,0.31835243967061,-0.31835243967061
652,653,478.9,0.0,1.0,1.0,1.0,1.0,0.0,1.0,0.0,0,2.0,0,0.20687597996339174,0.47767039165888486,0.5223296083411152,0.7931240200366083,0.20687597996339174,0.0,0.0,-0.7931240200366083,0.7931240200366083
653,654,338.3,1.0,0.0,1.0,1.0,1.0,0.0,1.0,0.0,0,2.0,0,0.5060029168691966,0.4939970831308034,0.5060029168691966,0.5153983083884802,0.48460169161151984,-0.4939970831308034,0.49399708313080337,0.0,0.0
654,655,405.7,0.0,0.0,0.0,1.0,0.0,0.0,1.0,0.0,0,2.0,0,0.3210156981284058,0.3210156981284058,0.6789843018715942,0.5041395605229717,0.49586043947702835,0.6789843018715942,-0.6789843018715942,0.0,0.0
655,656,481.2,0.0,1.0,1.0,1.0,1.0,0.0,1.0,0.0,0,2.0,0,0.4988871529981719,0.5587734682517871,0.44122653174821297,0.5011128470018281,0.4988871529981719,0.0,0.0,-0.5011128470018281,0.5011128470018281
656,657,532.6,1.0,1.0,0.0,1.0,0.0,0.0,1.0,0.0,0,2.0,0,0.3256397576315447,0.5158001984916241,0.484199801508376,0.3256397576315447,0.6743602423684554,0.0,0.0,0.6743602423684554,-0.6743602423684554
657,658,320.1,1.0,1.0,0.0,1.0,0.0,0.0,1.0,0.0,0,2.0,0,0.5617783355683708,0.5042476015079667,0.4957523984920334,0.5617783355683708,0.43822166443162935,0.0,0.0,0.43822166443162924,-0.43822166443162935
658,659,291.5,1.0,1.0,0.0,1.0,0.0,0.0,1.0,0.0,0,2.0,0,0.7152290198740658,0.501141891893323,0.49885810810667697,0.7152290198740658,0.28477098012593416,0.0,0.0,0.28477098012593416,-0.28477098012593416
659,660,439.0,0.0,1.0,1.0,1.0,1.0,0.0,1.0,0.0,0,2.0,0,0.18505363313578813,0.5003069772655442,0.4996930227344558,0.8149463668642118,0.18505363313578813,0.0,0.0,-0.8149463668642118,0.8149463668642118
660,661,458.4,1.0,0.0,1.0,1.0,1.0,0.0,1.0,0.0,0,2.0,0,0.499917474638263,0.5000825253617369,0.499917474638263,0.5295791935412139,0.47042080645878614,-0.5000825253617369,0.5000825253617369,0.0,0.0
661,662,409.9,1.0,1.0,0.0,1.0,0.0,0.0,1.0,0.0,0,2.0,0,0.5079518385263767,0.3249702204381376,0.6750297795618624,0.5079518385263767,0.49204816147362324,0.0,0.0,0.4920481614736233,-0.49204816147362324
662,663,501.2,1.0,0.0,1.0,1.0,1.0,0.0,1.0,0.0,0,2.0,0,0.5470536339147984,0.4529463660852015,0.5470536339147984,0.6802507758402504,0.3197492241597496,-0.4529463660852015,0.45294636608520156,0.0,0.0
663,664,408.7,1.0,1.0,0.0,1.0,0.0,0.0,1.0,0.0,0,2.0,0,0.5484572056279593,0.29433957990611215,0.7056604200938879,0.5484572056279593,0.4515427943720407,0.0,0.0,0.4515427943720407,-0.4515427943720407
664,665,472.1,1.0,0.0,1.0,1.0,1.0,0.0,1.0,0.0,0,2.0,0,0.5552881352081074,0.4447118647918927,0.5552881352081074,0.706572507571243,0.29342749242875693,-0.4447118647918927,0.4447118647918926,0.0,0.0
665,666,367.6,1.0,0.0,1.0,1.0,1.0,0.0,1.0,0.0,0,2.0,0,0.7110114722998194,0.2889885277001807,0.7110114722998194,0.5555333336558524,0.44446666634414755,-0.2889885277001807,0.2889885277001806,0.0,0.0
666,667,375.0,1.0,0.0,1.0,1.0,1.0,0.0,1.0,0.0,0,2.0,0,0.8122056644892993,0.18779433551070077,0.8122056644892993,0.5149291461056048,0.48507085389439525,-0.18779433551070077,0.18779433551070068,0.0,0.0
667,668,562.5,0.0,0.0,0.0,1.0,0.0,0.0,1.0,0.0,0,2.0,0,0.12203499125229668,0.12203499125229668,0.8779650087477033,0.5040134346125106,0.4959865653874895,0.8779650087477033,-0.8779650087477033,0.0,0.0
668,669,573.9,1.0,1.0,0.0,1.0,0.0,0.0,1.0,0.0,0,2.0,0,0.501078940300735,0.42946920166160474,0.5705307983383953,0.501078940300735,0.49892105969926503,0.0,0.0,0.49892105969926503,-0.49892105969926503
669,670,317.4,1.0,1.0,0.0,1.0,0.0,0.0,1.0,0.0,0,2.0,0,0.6757845384930844,0.48103905305119604,0.518960946948804,0.6757845384930844,0.3242154615069156,0.0,0.0,0.3242154615069156,-0.3242154615069156
670,671,344.8,1.0,1.0,0.0,1.0,0.0,0.0,1.0,0.0,0,2.0,0,0.7893140338804241,0.4949026876532653,0.5050973123467347,0.7893140338804241,0.21068596611957593,0.0,0.0,0.2106859661195759,-0.21068596611957593
671,672,332.3,0.0,0.0,0.0,1.0,0.0,0.0,1.0,0.0,0,2.0,0,0.4986296785054919,0.4986296785054919,0.5013703214945081,0.8630892675092477,0.13691073249075222,0.5013703214945081,-0.5013703214945081,0.0,0.0
672,673,327.7,1.0,1.0,0.0,1.0,0.0,0.0,1.0,0.0,0,2.0,0,0.5976100724947442,0.6741929268987078,0.3258070731012922,0.5976100724947442,0.4023899275052558,0.0,0.0,0.4023899275052558,-0.4023899275052558
673,674,291.1,1.0,1.0,0.0,1.0,0.0,0.0,1.0,0.0,0,2.0,0,0.7385136716207391,0.5468286610047527,0.4531713389952473,0.7385136716207391,0.2614863283792609,0.0,0.0,0.2614863283792609,-0.2614863283792609
674,675,390.6,1.0,0.0,1.0,1.0,1.0,0.0,1.0,0.0,0,2.0,0,0.4874109498557699,0.5125890501442302,0.4874109498557699,0.8300775062805876,0.16992249371941243,-0.5125890501442302,0.5125890501442301,0.0,0.0
675,676,373.9,0.0,0.0,0.0,1.0,0.0,0.0,1.0,0.0,0,2.0,0,0.3330973752763155,0.3330973752763155,0.6669026247236846,0.5887354493784698,0.4112645506215302,0.6669026247236844,-0.6669026247236846,0.0,0.0
676,677,897.4,1.0,0.0,1.0,1.0,1.0,0.0,1.0,0.0,2,2.0,0,0.43337545700174274,0.5666245429982573,0.43337545700174274,0.5238549426318847,0.4761450573681153,-0.5666245429982573,0.5666245429982573,0.0,0.0
677,678,400.8,1.0,1.0,0.0,1.0,0.0,0.0,1.0,0.0,0,2.0,0,0.5064129757831438,0.36821143172440784,0.6317885682755922,0.5064129757831438,0.4935870242168562,0.0,0.0,0.4935870242168562,-0.4935870242168562
678,679,564.3,0.0,1.0,1.0,1.0,1.0,0.0,1.0,0.0,0,2.0,0,0.32074922823813784,0.46457099436839877,0.5354290056316012,0.6792507717618621,0.32074922823813784,0.0,0.0,-0.6792507717618621,0.6792507717618621
679,680,447.7,1.0,1.0,0.0,1.0,0.0,0.0,1.0,0.0,0,2.0,0,0.4413996927258293,0.490475543846723,0.509524456153277,0.4413996927258293,0.5586003072741706,0.0,0.0,0.5586003072741708,-0.5586003072741706
680,681,955.2,1.0,1.0,0.0,1.0,0.0,0.0,1.0,0.0,2,2.0,0,0.6370029829368878,0.4974395198680151,0.502560480131985,0.6370029829368878,0.36299701706311216,0.0,0.0,0.36299701706311216,-0.36299701706311216
681,682,454.6,1.0,0.0,1.0,1.0,1.0,0.0,1.0,0.0,0,2.0,0,0.5006883394076033,0.4993116605923968,0.5006883394076033,0.7641124920970659,0.23588750790293408,-0.4993116605923968,0.49931166059239673,0.0,0.0
682,683,578.0,0.0,0.0,0.0,1.0,0.0,0.0,1.0,0.0,0,2.0,0,0.3244692869295347,0.3244692869295347,0.6755307130704653,0.5710019320516146,0.4289980679483853,0.6755307130704653,-0.6755307130704653,0.0,0.0
683,684,333.4,1.0,1.0,0.0,1.0,0.0,0.0,1.0,0.0,0,2.0,0,0.5190876028431451,0.5610177248636207,0.43898227513637933,0.5190876028431451,0.48091239715685485,0.0,0.0,0.48091239715685485,-0.48091239715685485
684,685,416.7,1.0,1.0,0.0,1.0,0.0,0.0,1.0,0.0,0,2.0,0,0.6874871650385126,0.5164035268468812,0.4835964731531188,0.6874871650385126,0.31251283496148735,0.0,0.0,0.3125128349614874,-0.31251283496148735
685,686,420.1,1.0,0.0,1.0,1.0,1.0,0.0,1.0,0.0,0,2.0,0,0.4955902044263735,0.5044097955736264,0.4955902044263735,0.7969187889664413,0.2030812110335587,-0.5044097955736264,0.5044097955736264,0.0,0.0
686,687,559.5,0.0,1.0,1.0,1.0,1.0,0.0,1.0,0.0,0,2.0,0,0.42017868025986804,0.3277822242241845,0.6722177757758154,0.579821319740132,0.42017868025986804,0.0,0.0,-0.579821319740132,0.579821319740132
687,688,395.0,1.0,1.0,0.0,1.0,0.0,0.0,1.0,0.0,0,2.0,0,0.376787135192106,0.45370232314032033,0.5462976768596797,0.376787135192106,0.6232128648078941,0.0,0.0,0.6232128648078941,-0.6232128648078941
688,689,386.3,1.0,0.0,1.0,1.0,1.0,0.0,1.0,0.0,0,2.0,0,0.5124463045289447,0.48755369547105526,0.5124463045289447,0.5950155988553955,0.40498440114460466,-0.48755369547105526,0.4875536954710553,0.0,0.0
689,690,405.8,1.0,1.0,0.0,1.0,0.0,0.0,1.0,0.0,0,2.0,0,0.5255432487884553,0.31682857100045403,0.6831714289995459,0.5255432487884553,0.47445675121154485,0.0,0.0,0.47445675121154474,-0.47445675121154485
690,691,393.2,1.0,0.0,1.0,1.0,1.0,0.0,1.0,0.0,0,2.0,0,0.5492423711289021,0.45075762887109794,0.5492423711289021,0.6916822580072192,0.30831774199278095,-0.45075762887109794,0.45075762887109794,0.0,0.0
691,692,596.7,1.0,0.0,1.0,1.0,1.0,0.0,1.0,0.0,0,2.0,0,0.7070827341698174,0.29291726583018257,0.7070827341698174,0.5515303556846785,0.44846964431532155,-0.29291726583018257,0.2929172658301826,0.0,0.0
692,693,248.1,1.0,0.0,1.0,1.0,1.0,0.0,1.0,0.0,0,2.0,0,0.8096526400755248,0.1903473599244751,0.8096526400755248,0.5138530168863592,0.48614698311364074,-0.1903473599244751,0.19034735992447516,0.0,0.0
693,694,443.6,1.0,1.0,0.0,1.0,0.0,0.0,1.0,0.0,0,2.0,0,0.5037241364687652,0.12369403123960289,0.8763059687603971,0.5037241364687652,0.49627586353123476,0.0,0.0,0.49627586353123476,-0.49627586353123476
694,695,427.0,0.0,1.0,1.0,1.0,1.0,0.0,1.0,0.0,0,2.0,0,0.3224965252549338,0.39883685314391243,0.6011631468560876,0.6775034747450662,0.3224965252549338,0.0,0.0,-0.6775034747450662,0.6775034747450662
695,696,406.5,1.0,0.0,1.0,1.0,1.0,0.0,1.0,0.0,0,2.0,0,0.5271959074035909,0.4728040925964091,0.5271959074035909,0.44026424113949697,0.559735758860503,-0.4728040925964091,0.4728040925964091,0.0,0.0
696,697,401.9,1.0,1.0,0.0,1.0,0.0,0.0,1.0,0.0,0,2.0,0,0.4839411068443279,0.3072437895804643,0.6927562104195357,0.4839411068443279,0.5160588931556721,0.0,0.0,0.5160588931556721,-0.5160588931556721
697,698,333.4,1.0,1.0,0.0,1.0,0.0,0.0,1.0,0.0,0,2.0,0,0.6646478055865863,0.4481809313672874,0.5518190686327126,0.6646478055865863,0.3353521944134137,0.0,0.0,0.3353521944134137,-0.3353521944134137
698,699,420.7,1.0,0.0,1.0,1.0,1.0,0.0,1.0,0.0,0,2.0,0,0.5139306322121471,0.486069367787853,0.5139306322121471,0.7820770152604124,0.2179229847395876,-0.486069367787853,0.4860693677878529,0.0,0.0
699,700,312.2,1.0,0.0,1.0,1.0,1.0,0.0,1.0,0.0,0,2.0,0,0.6841359943861565,0.31586400561384365,0.6841359943861565,0.5758313736386291,0.42416862636137087,-0.31586400561384365,0.31586400561384353,0.0,0.0
700,701,419.6,1.0,1.0,0.0,1.0,0.0,0.0,1.0,0.0,0,2.0,0,0.5203859120623942,0.20525891293352866,0.7947410870664714,0.5203859120623942,0.47961408793760585,0.0,0.0,0.47961408793760585,-0.47961408793760585
701,702,291.1,1.0,1.0,0.0,1.0,0.0,0.0,1.0,0.0,0,2.0,0,0.6883308494541419,0.42076411656809654,0.5792358834319035,0.6883308494541419,0.3116691505458581,0.0,0.0,0.3116691505458581,-0.3116691505458581
702,703,330.5,1.0,1.0,0.0,1.0,0.0,0.0,1.0,0.0,0,2.0,0,0.7974670430977548,0.47869884621203734,0.5213011537879626,0.7974670430977548,0.20253295690224518,0.0,0.0,0.20253295690224515,-0.20253295690224518
703,704,258.0,1.0,1.0,0.0,1.0,0.0,0.0,1.0,0.0,0,2.0,0,0.8683873634598585,0.49427356479102824,0.5057264352089718,0.8683873634598585,0.13161263654014163,0.0,0.0,0.13161263654014155,-0.13161263654014163
704,705,421.4,1.0,0.0,1.0,1.0,1.0,0.0,1.0,0.0,0,2.0,0,0.5015394499532266,0.4984605500467734,0.5015394499532266,0.9144737411531101,0.08552625884688993,-0.4984605500467734,0.49846055004677337,0.0,0.0
705,706,368.9,0.0,1.0,1.0,1.0,1.0,0.0,1.0,0.0,0,2.0,0,0.38857612840321015,0.3239162070525116,0.6760837929474884,0.6114238715967899,0.38857612840321015,0.0,0.0,-0.6114238715967899,0.6114238715967899
706,707,436.3,1.0,1.0,0.0,1.0,0.0,0.0,1.0,0.0,0,2.0,0,0.39732352213311545,0.452663013388805,0.547336986611195,0.39732352213311545,0.6026764778668846,0.0,0.0,0.6026764778668845,-0.6026764778668846
707,708,655.6,1.0,0.0,1.0,1.0,1.0,0.0,1.0,0.0,0,2.0,0,0.5127257044156057,0.4872742955843943,0.5127257044156057,0.608360824598677,0.391639175401323,-0.4872742955843943,0.4872742955843943,0.0,0.0
708,709,483.1,1.0,1.0,0.0,1.0,0.0,0.0,1.0,0.0,0,2.0,0,0.5291308746667862,0.31664700768209386,0.6833529923179061,0.5291308746667862,0.47086912533321373,0.0,0.0,0.4708691253332138,-0.47086912533321373
709,710,318.5,1.0,1.0,0.0,1.0,0.0,0.0,1.0,0.0,0,2.0,0,0.6940136163598979,0.45070881881182767,0.5492911811881723,0.6940136163598979,0.30598638364010206,0.0,0.0,0.3059863836401021,-0.30598638364010206
710,711,374.0,1.0,0.0,1.0,1.0,1.0,0.0,1.0,0.0,0,2.0,0,0.513251054767149,0.48674894523285095,0.513251054767149,0.8011598936182289,0.19884010638177108,-0.48674894523285095,0.48674894523285095,0.0,0.0
711,712,513.4,1.0,0.0,1.0,1.0,1.0,0.0,1.0,0.0,0,2.0,0,0.683694382410321,0.31630561758967907,0.683694382410321,0.5809614650695674,0.41903853493043264,-0.31630561758967907,0.316305617589679,0.0,0.0
712,713,300.9,1.0,0.0,1.0,1.0,1.0,0.0,1.0,0.0,0,2.0,0,0.7944541129494863,0.20554588705051374,0.7944541129494863,0.521765045628951,0.478234954371049,-0.20554588705051374,0.2055458870505137,0.0,0.0
713,714,288.3,1.0,0.0,1.0,1.0,1.0,0.0,1.0,0.0,0,2.0,0,0.8664294614641042,0.13357053853589584,0.8664294614641042,0.5058511442551499,0.4941488557448501,-0.13357053853589584,0.13357053853589584,0.0,0.0
714,715,331.8,1.0,0.0,1.0,1.0,1.0,0.0,1.0,0.0,0,2.0,0,0.9132014314624319,0.08679856853756804,0.9132014314624319,0.5015729757556324,0.4984270242443676,-0.08679856853756804,0.08679856853756807,0.0,0.0
715,716,591.2,1.0,1.0,0.0,1.0,0.0,0.0,1.0,0.0,0,2.0,0,0.5004228664719093,0.05640459028430289,0.9435954097156971,0.5004228664719093,0.49957713352809074,0.0,0.0,0.49957713352809074,-0.49957713352809074
716,717,314.7,1.0,1.0,0.0,1.0,0.0,0.0,1.0,0.0,0,2.0,0,0.6753581999470155,0.3807472873056428,0.6192527126943572,0.6753581999470155,0.3246418000529845,0.0,0.0,0.3246418000529845,-0.3246418000529845
717,718,838.1,1.0,0.0,1.0,1.0,1.0,0.0,1.0,0.0,2,2.0,0,0.5320589644831477,0.46794103551685223,0.5320589644831477,0.7890369849449568,0.21096301505504325,-0.46794103551685223,0.4679410355168523,0.0,0.0
718,719,449.6,1.0,1.0,0.0,1.0,0.0,0.0,1.0,0.0,0,2.0,0,0.5777024373308444,0.3040836137074847,0.6959163862925153,0.5777024373308444,0.42229756266915564,0.0,0.0,0.42229756266915564,-0.42229756266915564
719,720,369.0,1.0,0.0,1.0,1.0,1.0,0.0,1.0,0.0,0,2.0,0,0.5526686255424327,0.4473313744575673,0.5526686255424327,0.725577029647627,0.27442297035237295,-0.4473313744575673,0.4473313744575673,0.0,0.0
720,721,443.4,0.0,0.0,0.0,1.0,0.0,0.0,1.0,0.0,0,3.0,0,0.29069077201051396,0.29069077201051396,0.709309227989486,0.5606423603983093,0.4393576396016907,0.709309227989486,-0.709309227989486,0.0,0.0
721,722,390.9,1.0,0.0,1.0,1.0,1.0,0.0,1.0,0.0,0,3.0,0,0.4609326750856013,0.5390673249143987,0.4609326750856013,0.5163026168064321,0.4836973831935679,-0.5390673249143987,0.5390673249143987,0.0,0.0
722,723,282.3,1.0,0.0,1.0,1.0,1.0,0.0,1.0,0.0,0,3.0,0,0.6496961630848599,0.35030383691514005,0.6496961630848599,0.5043826677093652,0.4956173322906347,-0.35030383691514005,0.3503038369151401,0.0,0.0
723,724,321.8,1.0,1.0,0.0,1.0,0.0,0.0,1.0,0.0,0,3.0,0,0.5011782020321507,0.2276390582140278,0.7723609417859721,0.5011782020321507,0.49882179796784926,0.0,0.0,0.4988217979678493,-0.49882179796784926
724,725,373.1,1.0,1.0,0.0,0.0,1.0,0.0,1.0,0.0,1,3.0,0,0.32415095793979753,0.42678061939192835,0.5732193806080716,0.6758490420602025,0.32415095793979753,0.0,0.0,0.32415095793979753,-0.32415095793979753
725,726,280.5,1.0,1.0,0.0,1.0,0.0,0.0,1.0,0.0,0,3.0,1,0.7893559504389166,0.48031627566906226,0.5196837243309378,0.7893559504389166,0.21064404956108343,0.0,0.0,0.2106440495610834,-0.21064404956108343
726,727,384.0,0.0,1.0,1.0,1.0,1.0,0.0,1.0,0.0,0,3.0,0,0.1368834937200244,0.4947083818475564,0.5052916181524436,0.8631165062799756,0.1368834937200244,0.0,0.0,-0.8631165062799756,0.8631165062799756
727,728,387.4,0.0,1.0,1.0,1.0,1.0,0.0,1.0,0.0,0,3.0,0,0.43911825131920534,0.4985774428558085,0.5014225571441915,0.5608817486807947,0.43911825131920534,0.0,0.0,-0.5608817486807947,0.5608817486807947
728,729,250.9,0.0,1.0,1.0,1.0,1.0,0.0,1.0,0.0,0,3.0,0,0.6355204266002292,0.4996175708884898,0.5003824291115102,0.3644795733997708,0.6355204266002292,0.0,0.0,-0.3644795733997708,0.3644795733997708
729,730,522.3,1.0,1.0,0.0,1.0,0.0,0.0,1.0,0.0,0,3.0,0,0.23685092220977755,0.49989719075544514,0.5001028092445549,0.23685092220977755,0.7631490777902225,0.0,0.0,0.7631490777902225,-0.7631490777902225
730,731,461.8,1.0,0.0,1.0,1.0,1.0,0.0,1.0,0.0,0,3.0,0,0.5000276384314055,0.4999723615685945,0.5000276384314055,0.5040804038148352,0.4959195961851648,-0.4999723615685945,0.4999723615685945,0.0,0.0
731,732,365.2,1.0,0.0,1.0,1.0,1.0,0.0,1.0,0.0,0,3.0,0,0.6751013676504802,0.3248986323495198,0.6751013676504802,0.5010969437761301,0.49890305622386993,-0.3248986323495198,0.32489863234951977,0.0,0.0
732,733,332.6,1.0,1.0,0.0,1.0,0.0,0.0,1.0,0.0,0,3.0,0,0.5002948937660571,0.2111299132044244,0.7888700867955757,0.5002948937660571,0.49970510623394293,0.0,0.0,0.49970510623394293,-0.49970510623394293
733,734,288.0,1.0,1.0,0.0,1.0,0.0,0.0,1.0,0.0,0,3.0,0,0.6752750390359223,0.4223424302593548,0.5776575697406452,0.6752750390359223,0.32472496096407766,0.0,0.0,0.32472496096407766,-0.32472496096407766
734,735,315.5,1.0,1.0,0.0,1.0,0.0,0.0,1.0,0.0,0,3.0,0,0.7889829442251971,0.4791231476927173,0.5208768523072828,0.7889829442251971,0.21101705577480293,0.0,0.0,0.2110170557748029,-0.21101705577480293
735,736,294.9,1.0,1.0,0.0,1.0,0.0,0.0,1.0,0.0,0,3.0,0,0.8628741144639258,0.4943876306750818,0.5056123693249183,0.8628741144639258,0.13712588553607424,0.0,0.0,0.1371258855360742,-0.13712588553607424
736,737,402.4,1.0,0.0,1.0,1.0,1.0,0.0,1.0,0.0,0,3.0,0,0.5015087853750968,0.49849121462490326,0.5015087853750968,0.9108910489959655,0.08910895100403453,-0.49849121462490326,0.4984912146249032,0.0,0.0
737,738,377.8,0.0,1.0,1.0,1.0,1.0,0.0,1.0,0.0,0,3.0,0,0.38953927127874644,0.3239361339129979,0.6760638660870022,0.6104607287212536,0.38953927127874644,0.0,0.0,-0.6104607287212536,0.6104607287212536
738,739,277.3,1.0,0.0,1.0,1.0,1.0,0.0,1.0,0.0,0,3.0,0,0.5473316296302245,0.45266837036977553,0.5473316296302245,0.3966976399302729,0.6033023600697272,-0.45266837036977553,0.4526683703697755,0.0,0.0
739,740,416.7,0.0,0.0,0.0,1.0,0.0,0.0,1.0,0.0,0,3.0,0,0.2941589290648185,0.2941589290648185,0.7058410709351816,0.4722290032849087,0.5277709967150913,0.7058410709351814,-0.7058410709351816,0.0,0.0
740,741,900.2,1.0,0.0,1.0,1.0,1.0,0.0,1.0,0.0,2,3.0,0,0.4586789515394003,0.5413210484605997,0.4586789515394003,0.49253426293427327,0.5074657370657267,-0.5413210484605997,0.5413210484605997,0.0,0.0
741,742,423.6,1.0,1.0,0.0,1.0,0.0,0.0,1.0,0.0,0,3.0,0,0.4979929697696346,0.35176838126626647,0.6482316187337336,0.4979929697696346,0.5020070302303654,0.0,0.0,0.5020070302303654,-0.5020070302303654
742,743,638.9,1.0,0.0,1.0,1.0,1.0,0.0,1.0,0.0,0,3.0,0,0.5398494264230613,0.46015057357693867,0.5398494264230613,0.6737791724326889,0.3262208275673111,-0.46015057357693867,0.46015057357693867,0.0,0.0
743,744,394.4,1.0,1.0,0.0,1.0,0.0,0.0,1.0,0.0,0,3.0,0,0.5467174304974448,0.29902111300903034,0.7009788869909697,0.5467174304974448,0.4532825695025552,0.0,0.0,0.4532825695025552,-0.4532825695025552
744,745,441.8,1.0,0.0,1.0,1.0,1.0,0.0,1.0,0.0,0,3.0,0,0.5540295885462985,0.44597041145370153,0.5540295885462985,0.7054419439562335,0.2945580560437665,-0.44597041145370153,0.44597041145370153,0.0,0.0
745,746,453.3,1.0,1.0,0.0,1.0,0.0,0.0,1.0,0.0,0,3.0,0,0.55522940179585,0.2898063730864474,0.7101936269135526,0.55522940179585,0.44477059820415,0.0,0.0,0.44477059820415,-0.44477059820415
746,747,500.7,1.0,0.0,1.0,1.0,1.0,0.0,1.0,0.0,0,3.0,0,0.5565068069946257,0.4434931930053743,0.5565068069946257,0.7109733053794405,0.2890266946205595,-0.4434931930053743,0.44349319300537426,0.0,0.0
747,748,368.2,1.0,0.0,1.0,1.0,1.0,0.0,1.0,0.0,0,3.0,0,0.7118034056688571,0.288196594331143,0.7118034056688571,0.5567164096416551,0.44328359035834486,-0.288196594331143,0.28819659433114286,0.0,0.0
748,749,395.6,1.0,1.0,0.0,1.0,0.0,0.0,1.0,0.0,0,3.0,0,0.5152471949797375,0.18727971092684365,0.8127202890731564,0.5152471949797375,0.4847528050202625,0.0,0.0,0.4847528050202625,-0.4847528050202625
749,750,467.1,0.0,1.0,1.0,1.0,1.0,0.0,1.0,0.0,0,3.0,0,0.31500845943675004,0.41593072883590343,0.5840692711640966,0.68499154056325,0.31500845943675004,0.0,0.0,-0.68499154056325,0.68499154056325
750,751,422.5,1.0,1.0,0.0,1.0,0.0,0.0,1.0,0.0,0,3.0,0,0.4451302348029033,0.4773994761420516,0.5226005238579484,0.4451302348029033,0.5548697651970966,0.0,0.0,0.5548697651970966,-0.5548697651970966
751,752,354.0,1.0,0.0,1.0,1.0,1.0,0.0,1.0,0.0,0,3.0,0,0.5060757476730907,0.49392425232690923,0.5060757476730907,0.6394272129782466,0.3605727870217533,-0.49392425232690923,0.4939242523269093,0.0,0.0
752,753,389.4,0.0,0.0,0.0,1.0,0.0,0.0,1.0,0.0,0,3.0,0,0.32096837025511316,0.32096837025511316,0.6790316297448868,0.5374825189956907,0.46251748100430934,0.6790316297448868,-0.6790316297448868,0.0,0.0
753,754,272.9,0.0,0.0,0.0,1.0,0.0,0.0,1.0,0.0,0,3.0,0,0.5587427130291253,0.5587427130291253,0.44125728697087474,0.5100765065890079,0.48992349341099206,0.44125728697087474,-0.44125728697087474,0.0,0.0
754,755,420.3,1.0,0.0,1.0,1.0,1.0,0.0,1.0,0.0,0,3.0,0,0.286743628390402,0.713256371609598,0.286743628390402,0.5027088890437165,0.49729111095628353,-0.713256371609598,0.713256371609598,0.0,0.0
755,756,291.8,1.0,0.0,1.0,1.0,1.0,0.0,1.0,0.0,0,3.0,0,0.5365023400023565,0.4634976599976435,0.5365023400023565,0.500728236496086,0.49927176350391395,-0.4634976599976435,0.4634976599976435,0.0,0.0
756,757,426.9,1.0,0.0,1.0,1.0,1.0,0.0,1.0,0.0,0,3.0,0,0.6988038391602638,0.30119616083973616,0.6988038391602638,0.500195773391111,0.49980422660888907,-0.30119616083973616,0.3011961608397362,0.0,0.0
757,758,326.3,0.0,1.0,1.0,1.0,1.0,0.0,1.0,0.0,0,3.0,0,0.4999473698161613,0.19572726064044735,0.8042727393595526,0.5000526301838387,0.4999473698161613,0.0,0.0,-0.5000526301838387,0.5000526301838387
758,759,297.8,1.0,0.0,1.0,1.0,1.0,0.0,1.0,0.0,0,3.0,0,0.5817982981177043,0.4182017018822957,0.5817982981177043,0.3249507935594548,0.6750492064405452,-0.4182017018822957,0.41820170188229566,0.0,0.0
759,760,229.2,0.0,1.0,1.0,1.0,1.0,0.0,1.0,0.0,0,3.0,0,0.5470588564845802,0.2717613440901336,0.7282386559098665,0.45294114351541975,0.5470588564845802,0.0,0.0,-0.45294114351541975,0.4529411435154198
760,761,260.7,0.0,1.0,1.0,1.0,1.0,0.0,1.0,0.0,0,3.0,0,0.7056638138930453,0.43864210886129373,0.5613578911387063,0.29433618610695467,0.7056638138930453,0.0,0.0,-0.29433618610695467,0.29433618610695467
761,762,420.1,1.0,1.0,0.0,1.0,0.0,0.0,1.0,0.0,0,3.0,0,0.19126942140781372,0.4835050255182186,0.5164949744817814,0.19126942140781372,0.8087305785921863,0.0,0.0,0.8087305785921863,-0.8087305785921863
762,763,279.5,1.0,1.0,0.0,1.0,0.0,0.0,1.0,0.0,0,3.0,0,0.4744600319516102,0.49556562036104623,0.5044343796389538,0.4744600319516102,0.5255399680483899,0.0,0.0,0.5255399680483899,-0.5255399680483899
763,764,370.9,1.0,0.0,1.0,1.0,1.0,0.0,1.0,0.0,0,3.0,0,0.5011921038619421,0.4988078961380579,0.5011921038619421,0.658486688487667,0.341513311512333,-0.4988078961380579,0.49880789613805787,0.0,0.0
764,765,502.4,0.0,1.0,1.0,1.0,1.0,0.0,1.0,0.0,0,3.0,0,0.4573936810116837,0.3241419240694608,0.6758580759305393,0.5426063189883163,0.4573936810116837,0.0,0.0,-0.5426063189883163,0.5426063189883163
765,766,409.8,1.0,1.0,0.0,1.0,0.0,0.0,1.0,0.0,0,3.0,0,0.3526035927074433,0.4527236933822921,0.5472763066177079,0.3526035927074433,0.6473964072925568,0.0,0.0,0.6473964072925567,-0.6473964072925568
766,767,301.3,1.0,0.0,1.0,1.0,1.0,0.0,1.0,0.0,0,3.0,0,0.5127093916818147,0.4872906083181853,0.5127093916818147,0.5793003304073905,0.4206996695926095,-0.4872906083181853,0.48729060831818527,0.0,0.0
767,768,320.7,0.0,0.0,0.0,1.0,0.0,0.0,1.0,0.0,0,3.0,0,0.31665760823785655,0.31665760823785655,0.6833423917621435,0.5213184792076659,0.47868152079233406,0.6833423917621435,-0.6833423917621435,0.0,0.0
768,769,404.2,1.0,1.0,0.0,1.0,0.0,0.0,1.0,0.0,0,3.0,0,0.5057310928389944,0.5559414368157825,0.4440585631842176,0.5057310928389944,0.49426890716100563,0.0,0.0,0.4942689071610056,-0.49426890716100563
769,770,479.6,0.0,1.0,1.0,1.0,1.0,0.0,1.0,0.0,0,3.0,0,0.32119233840383093,0.5150388573600833,0.4849611426399168,0.6788076615961691,0.32119233840383093,0.0,0.0,-0.6788076615961691,0.6788076615961691
770,771,355.1,1.0,1.0,0.0,0.0,1.0,0.0,1.0,0.0,1,3.0,0,0.5588882549646433,0.5040429285261605,0.49595707147383955,0.44111174503535666,0.5588882549646433,0.0,0.0,0.5588882549646433,-0.5588882549646433
771,772,454.5,1.0,0.0,1.0,1.0,1.0,0.0,1.0,0.0,0,3.0,1,0.4989131307867161,0.5010868692132838,0.4989131307867161,0.6368158649719482,0.3631841350280518,-0.5010868692132838,0.5010868692132839,0.0,0.0
772,773,561.8,0.0,1.0,1.0,1.0,1.0,0.0,1.0,0.0,0,3.0,0,0.4632194953325001,0.32562287640246423,0.6743771235975358,0.5367805046674998,0.4632194953325001,0.0,0.0,-0.5367805046674998,0.5367805046674998
773,774,353.3,1.0,1.0,0.0,1.0,0.0,0.0,1.0,0.0,0,3.0,0,0.34881778522957163,0.4531218209986146,0.5468781790013855,0.34881778522957163,0.6511822147704283,0.0,0.0,0.6511822147704284,-0.6511822147704283
774,775,272.7,1.0,1.0,0.0,1.0,0.0,0.0,1.0,0.0,0,3.0,0,0.5768401870745868,0.48739763782571655,0.5126023621742835,0.5768401870745868,0.42315981292541305,0.0,0.0,0.42315981292541316,-0.42315981292541305
775,776,268.2,1.0,1.0,0.0,1.0,0.0,0.0,1.0,0.0,0,3.0,0,0.7250167108169577,0.49661207974040295,0.503387920259597,0.7250167108169577,0.2749832891830422,0.0,0.0,0.27498328918304227,-0.2749832891830422
776,777,331.6,0.0,0.0,0.0,1.0,0.0,0.0,1.0,0.0,0,3.0,0,0.4990892180746233,0.4990892180746233,0.5009107819253766,0.8213067332477226,0.17869326675227737,0.5009107819253766,-0.5009107819253766,0.0,0.0
777,778,399.1,1.0,0.0,1.0,1.0,1.0,0.0,1.0,0.0,0,3.0,0,0.32550844903924825,0.6744915509607516,0.32550844903924825,0.5863775835086088,0.4136224164913912,-0.6744915509607516,0.6744915509607518,0.0,0.0
778,779,450.5,1.0,0.0,1.0,1.0,1.0,0.0,1.0,0.0,0,3.0,0,0.5616930068875632,0.4383069931124367,0.5616930068875632,0.5232210724542592,0.47677892754574086,-0.4383069931124367,0.4383069931124368,0.0,0.0
779,780,270.0,1.0,0.0,1.0,1.0,1.0,0.0,1.0,0.0,0,3.0,0,0.7151735704656075,0.2848264295343925,0.7151735704656075,0.5062425710933696,0.4937574289066305,-0.2848264295343925,0.2848264295343925,0.0,0.0
780,781,249.4,1.0,0.0,1.0,1.0,1.0,0.0,1.0,0.0,0,3.0,0,0.8149103339984827,0.18508966600151733,0.8149103339984827,0.5016782038785046,0.49832179612149546,-0.18508966600151733,0.18508966600151733,0.0,0.0
781,782,252.9,1.0,0.0,1.0,1.0,1.0,0.0,1.0,0.0,0,3.0,0,0.8797225927504154,0.12027740724958459,0.8797225927504154,0.5004511551756005,0.4995488448243995,-0.12027740724958459,0.12027740724958458,0.0,0.0
782,783,400.2,1.0,1.0,0.0,1.0,0.0,0.0,1.0,0.0,0,3.0,0,0.5001212850208954,0.07816025068932714,0.9218397493106729,0.5001212850208954,0.49987871497910463,0.0,0.0,0.49987871497910463,-0.49987871497910463
783,784,247.7,1.0,1.0,0.0,1.0,0.0,0.0,1.0,0.0,0,3.0,0,0.6751622223120339,0.38659590851076103,0.6134040914892389,0.6751622223120339,0.3248377776879661,0.0,0.0,0.32483777768796607,-0.3248377776879661
784,785,359.1,1.0,0.0,1.0,1.0,1.0,0.0,1.0,0.0,0,3.0,0,0.5304866670045081,0.46951333299549186,0.5304866670045081,0.7889096321741419,0.21109036782585816,-0.46951333299549186,0.4695133329954919,0.0,0.0
785,786,362.6,1.0,0.0,1.0,1.0,1.0,0.0,1.0,0.0,0,3.0,0,0.6948946552135133,0.30510534478648665,0.6948946552135133,0.5776682008102308,0.4223317991897692,-0.30510534478648665,0.30510534478648665,0.0,0.0
786,787,338.0,0.0,1.0,1.0,1.0,1.0,0.0,1.0,0.0,0,3.0,0,0.47912028971930465,0.19826757809703077,0.8017324219029692,0.5208797102806954,0.47912028971930465,0.0,0.0,-0.5208797102806954,0.5208797102806954
787,788,257.5,1.0,0.0,1.0,1.0,1.0,0.0,1.0,0.0,0,3.0,0,0.581115379085705,0.418884620914295,0.581115379085705,0.3384849213621858,0.6615150786378142,-0.418884620914295,0.418884620914295,0.0,0.0
788,789,396.9,1.0,1.0,0.0,1.0,0.0,0.0,1.0,0.0,0,3.0,0,0.4565795523426486,0.2722051275400945,0.7277948724599055,0.4565795523426486,0.5434204476573514,0.0,0.0,0.5434204476573514,-0.5434204476573514
789,790,432.4,1.0,0.0,1.0,1.0,1.0,0.0,1.0,0.0,0,3.0,0,0.5612385878747465,0.43876141212525355,0.5612385878747465,0.6468673594662006,0.35313264053379945,-0.43876141212525355,0.43876141212525355,0.0,0.0
790,791,339.8,1.0,0.0,1.0,1.0,1.0,0.0,1.0,0.0,0,3.0,0,0.7148782739109847,0.28512172608901526,0.7148782739109847,0.5394826696557269,0.4605173303442731,-0.28512172608901526,0.2851217260890153,0.0,0.0
791,792,455.2,1.0,1.0,0.0,1.0,0.0,0.0,1.0,0.0,0,3.0,0,0.5106142114136805,0.18528155950225694,0.814718440497743,0.5106142114136805,0.48938578858631954,0.0,0.0,0.48938578858631954,-0.48938578858631954
792,793,374.4,1.0,1.0,0.0,1.0,0.0,0.0,1.0,0.0,0,3.0,0,0.6819808740944331,0.4153935614700175,0.5846064385299825,0.6819808740944331,0.3180191259055669,0.0,0.0,0.3180191259055669,-0.3180191259055669
793,794,361.8,1.0,0.0,1.0,1.0,1.0,0.0,1.0,0.0,0,3.0,0,0.5227449317218482,0.47725506827815184,0.5227449317218482,0.7933406183822969,0.20665938161770317,-0.47725506827815184,0.4772550682781518,0.0,0.0
794,795,317.3,1.0,1.0,0.0,1.0,0.0,0.0,1.0,0.0,0,3.0,0,0.5788593924088373,0.31013618128604215,0.6898638187139579,0.5788593924088373,0.4211406075911627,0.0,0.0,0.4211406075911627,-0.4211406075911627
795,796,236.7,1.0,1.0,0.0,1.0,0.0,0.0,1.0,0.0,0,3.0,0,0.7263288574513689,0.4489584992805485,0.5510415007194516,0.7263288574513689,0.2736711425486311,0.0,0.0,0.2736711425486311,-0.2736711425486311
796,797,340.2,1.0,0.0,1.0,1.0,1.0,0.0,1.0,0.0,0,3.0,0,0.5137215969495417,0.4862784030504584,0.5137215969495417,0.822159409674925,0.1778405903250751,-0.4862784030504584,0.48627840305045833,0.0,0.0
797,798,399.6,1.0,1.0,0.0,1.0,0.0,0.0,1.0,0.0,0,3.0,0,0.5866068103553419,0.31599984366441153,0.6840001563355885,0.5866068103553419,0.4133931896446581,0.0,0.0,0.4133931896446581,-0.4133931896446581
798,799,351.0,1.0,1.0,0.0,1.0,0.0,0.0,1.0,0.0,0,3.0,0,0.7313633867344723,0.4505348403103002,0.5494651596896998,0.7313633867344723,0.2686366132655277,0.0,0.0,0.2686366132655277,-0.2686366132655277
799,800,262.5,1.0,1.0,0.0,1.0,0.0,0.0,1.0,0.0,0,3.0,0,0.8254310138761494,0.48670217421628215,0.5132978257837179,0.8254310138761494,0.17456898612385066,0.0,0.0,0.17456898612385063,-0.17456898612385066
800,801,361.9,1.0,0.0,1.0,1.0,1.0,0.0,1.0,0.0,0,3.0,0,0.5035748832447605,0.4964251167552395,0.5035748832447605,0.8865592796683023,0.11344072033169772,-0.4964251167552395,0.4964251167552395,0.0,0.0
801,802,401.3,1.0,0.0,1.0,1.0,1.0,0.0,1.0,0.0,0,3.0,0,0.6774064850470742,0.32259351495292576,0.6774064850470742,0.6039195665869634,0.3960804334130365,-0.32259351495292576,0.32259351495292576,0.0,0.0
802,803,240.7,0.0,0.0,0.0,0.0,1.0,0.0,1.0,0.0,1,3.0,0,0.7903680285762149,0.2096319714237851,0.7903680285762149,0.5279369216770295,0.4720630783229704,0.7903680285762149,-0.7903680285762149,0.0,0.0
803,804,324.2,1.0,1.0,0.0,1.0,0.0,0.0,1.0,0.0,0,3.0,1,0.5075103430318424,0.4863926263212696,0.5136073736787303,0.5075103430318424,0.49248965696815755,0.0,0.0,0.4924896569681576,-0.49248965696815755
804,805,435.6,1.0,0.0,1.0,1.0,1.0,0.0,1.0,0.0,0,3.0,0,0.5036580996743731,0.4963419003256269,0.5036580996743731,0.6799638774166803,0.3200361225833197,-0.4963419003256269,0.49634190032562686,0.0,0.0
805,806,783.0,1.0,0.0,1.0,1.0,1.0,0.0,1.0,0.0,2,3.0,0,0.6774605618446102,0.32253943815538977,0.6774605618446102,0.5483800781047047,0.4516199218952953,-0.32253943815538977,0.32253943815538977,0.0,0.0
806,807,402.5,1.0,1.0,0.0,1.0,0.0,0.0,1.0,0.0,0,3.0,0,0.5130061209561402,0.20959683052618394,0.7904031694738161,0.5130061209561402,0.4869938790438598,0.0,0.0,0.4869938790438598,-0.4869938790438598
807,808,574.0,1.0,0.0,1.0,1.0,1.0,0.0,1.0,0.0,0,3.0,0,0.578069711670342,0.42193028832965795,0.578069711670342,0.6835352162916913,0.31646478370830866,-0.42193028832965795,0.42193028832965795,0.0,0.0
808,809,369.4,1.0,1.0,0.0,1.0,0.0,0.0,1.0,0.0,0,3.0,0,0.5493401688528683,0.27418430329840726,0.7258156967015927,0.5493401688528683,0.4506598311471317,0.0,0.0,0.4506598311471317,-0.4506598311471317
809,810,348.9,1.0,0.0,1.0,1.0,1.0,0.0,1.0,0.0,0,3.0,0,0.5607065217782352,0.4392934782217648,0.5607065217782352,0.707146286376311,0.29285371362368895,-0.4392934782217648,0.4392934782217648,0.0,0.0
810,811,348.3,1.0,1.0,0.0,1.0,0.0,0.0,1.0,0.0,0,3.0,0,0.5556875838520723,0.28546748029537516,0.7145325197046248,0.5556875838520723,0.44431241614792766,0.0,0.0,0.4443124161479277,-0.44431241614792766
811,812,251.7,1.0,1.0,0.0,1.0,0.0,0.0,1.0,0.0,0,3.0,0,0.7112710472845464,0.44232675907911484,0.5576732409208851,0.7112710472845464,0.2887289527154536,0.0,0.0,0.2887289527154536,-0.2887289527154536
812,813,307.1,0.0,0.0,0.0,1.0,0.0,0.0,1.0,0.0,0,3.0,0,0.48449557799955884,0.48449557799955884,0.5155044220004411,0.8123743449284847,0.18762565507151535,0.5155044220004412,-0.5155044220004411,0.0,0.0
813,814,294.6,0.0,0.0,0.0,1.0,0.0,0.0,1.0,0.0,0,3.0,0,0.6650081193436241,0.6650081193436241,0.3349918806563759,0.5839762702520284,0.41602372974797164,0.33499188065637586,-0.3349918806563759,0.0,0.0
814,815,490.0,1.0,0.0,1.0,1.0,1.0,0.0,1.0,0.0,0,3.0,0,0.2176888409030943,0.7823111590969057,0.2176888409030943,0.5225755222217632,0.4774244777782369,-0.7823111590969057,0.7823111590969057,0.0,0.0
815,816,321.4,0.0,1.0,1.0,1.0,1.0,0.0,1.0,0.0,0,3.0,0,0.49393097357079857,0.5083717525203256,0.4916282474796744,0.5060690264292014,0.49393097357079857,0.0,0.0,-0.5060690264292014,0.5060690264292014
816,817,380.9,1.0,1.0,0.0,1.0,0.0,0.0,1.0,0.0,0,3.0,0,0.3288604474964413,0.5022505963231101,0.4977494036768899,0.3288604474964413,0.6711395525035586,0.0,0.0,0.6711395525035587,-0.6711395525035586
817,818,256.3,1.0,1.0,0.0,1.0,0.0,0.0,1.0,0.0,0,3.0,0,0.5638712467225871,0.5006050326735411,0.49939496732645894,0.5638712467225871,0.43612875327741274,0.0,0.0,0.43612875327741285,-0.43612875327741274
818,819,275.8,1.0,1.0,0.0,1.0,0.0,0.0,1.0,0.0,0,3.0,0,0.7165890629962509,0.5001626522412275,0.4998373477587725,0.7165890629962509,0.283410937003749,0.0,0.0,0.2834109370037491,-0.283410937003749
819,820,259.2,1.0,1.0,0.0,1.0,0.0,0.0,1.0,0.0,0,3.0,0,0.8158301680186356,0.500043726153534,0.499956273846466,0.8158301680186356,0.18416983198136427,0.0,0.0,0.18416983198136438,-0.18416983198136427
820,821,266.7,1.0,1.0,0.0,1.0,0.0,0.0,1.0,0.0,0,3.0,0,0.8803203314218064,0.5000117549963558,0.4999882450036443,0.8803203314218064,0.11967966857819348,0.0,0.0,0.11967966857819357,-0.11967966857819348
821,822,342.1,0.0,0.0,0.0,1.0,0.0,0.0,1.0,0.0,0,3.0,0,0.5000031601210753,0.5000031601210753,0.49999683987892474,0.9222281797355629,0.07777182026443705,0.49999683987892474,-0.49999683987892474,0.0,0.0
822,823,465.5,0.0,1.0,1.0,1.0,1.0,0.0,1.0,0.0,0,3.0,0,0.38649148592016014,0.6750854608321041,0.3249145391678959,0.6135085140798398,0.38649148592016014,0.0,0.0,-0.6135085140798398,0.6135085140798399
823,824,516.9,0.0,0.0,0.0,1.0,0.0,0.0,1.0,0.0,0,3.0,0,0.5470686028310162,0.5470686028310162,0.4529313971689838,0.39867819199837695,0.6013218080016229,0.4529313971689838,-0.4529313971689838,0.0,0.0
824,825,456.4,0.0,1.0,1.0,1.0,1.0,0.0,1.0,0.0,0,3.0,0,0.5272385606222444,0.7056701473923962,0.2943298526076038,0.47276143937775555,0.5272385606222444,0.0,0.0,-0.47276143937775555,0.4727614393777556
825,826,455.8,1.0,1.0,0.0,1.0,0.0,0.0,1.0,0.0,0,3.0,0,0.3072160721035174,0.555290750218788,0.444709249781212,0.3072160721035174,0.6927839278964826,0.0,0.0,0.6927839278964826,-0.6927839278964826
826,827,323.3,0.0,0.0,0.0,1.0,0.0,0.0,1.0,0.0,0,3.0,0,0.5148639318759463,0.5148639318759463,0.48513606812405374,0.5498060133141686,0.45019398668583144,0.48513606812405374,-0.48513606812405374,0.0,0.0
827,828,310.7,1.0,0.0,1.0,0.0,0.0,0.0,1.0,0.0,1,3.0,0,0.684742483479652,0.684742483479652,0.31525751652034795,0.5133894582002382,0.48661054179976176,-0.684742483479652,0.684742483479652,0.0,0.0
828,829,621.9,1.0,0.0,1.0,1.0,1.0,0.0,1.0,0.0,0,3.0,1,0.5550316107550872,0.4449683892449128,0.5550316107550872,0.5035995169853301,0.4964004830146699,-0.4449683892449128,0.4449683892449128,0.0,0.0
829,830,285.3,1.0,0.0,1.0,1.0,1.0,0.0,1.0,0.0,0,3.0,0,0.7108447741973704,0.28915522580262965,0.7108447741973704,0.5009676659304594,0.4990323340695407,-0.28915522580262965,0.28915522580262965,0.0,0.0
830,831,328.7,1.0,0.0,1.0,1.0,1.0,0.0,1.0,0.0,0,3.0,0,0.8120973385303782,0.1879026614696218,0.8120973385303782,0.5002601397234095,0.49973986027659045,-0.1879026614696218,0.18790266146962176,0.0,0.0
831,832,372.2,1.0,0.0,1.0,1.0,1.0,0.0,1.0,0.0,0,3.0,0,0.877894614944752,0.12210538505524807,0.877894614944752,0.5000699339240594,0.4999300660759406,-0.12210538505524807,0.12210538505524804,0.0,0.0
832,833,231.6,1.0,0.0,1.0,1.0,1.0,0.0,1.0,0.0,0,3.0,0,0.920651868670307,0.07934813132969301,0.920651868670307,0.5000188004879464,0.4999811995120536,-0.07934813132969301,0.07934813132969298,0.0,0.0
833,834,363.1,1.0,1.0,0.0,1.0,0.0,0.0,1.0,0.0,0,3.0,0,0.5000050541758063,0.0515630489405971,0.948436951059403,0.5000050541758063,0.4999949458241937,0.0,0.0,0.4999949458241937,-0.4999949458241937
834,835,374.5,1.0,0.0,1.0,1.0,1.0,0.0,1.0,0.0,0,3.0,0,0.6205542747173476,0.3794457252826524,0.6205542747173476,0.6750866916517234,0.3249133083482766,-0.3794457252826524,0.3794457252826524,0.0,0.0
835,836,410.0,0.0,0.0,0.0,1.0,0.0,0.0,1.0,0.0,0,3.0,0,0.24657642436159263,0.24657642436159263,0.7534235756384073,0.5470689337149145,0.4529310662850855,0.7534235756384073,-0.7534235756384073,0.0,0.0
836,837,329.3,0.0,0.0,0.0,1.0,0.0,0.0,1.0,0.0,0,3.0,0,0.5104003578581419,0.5104003578581419,0.4895996421418581,0.5126536431761815,0.48734635682381855,0.48959964214185814,-0.4895996421418581,0.0,0.0
837,838,356.8,1.0,1.0,0.0,1.0,0.0,0.0,1.0,0.0,0,3.0,0,0.5034017062421661,0.68184190495722,0.3181580950427799,0.5034017062421661,0.496598293757834,0.0,0.0,0.49659829375783393,-0.496598293757834
838,839,416.2,0.0,1.0,1.0,1.0,1.0,0.0,1.0,0.0,0,3.0,0,0.3227060511161665,0.5488849523072299,0.45111504769277005,0.6772939488838335,0.3227060511161665,0.0,0.0,-0.6772939488838335,0.6772939488838334
839,840,483.7,0.0,0.0,0.0,1.0,0.0,0.0,1.0,0.0,0,3.0,0,0.5131418473791415,0.5131418473791415,0.48685815262085846,0.4401280842816603,0.5598719157183397,0.4868581526208585,-0.48685815262085846,0.0,0.0
840,841,339.1,1.0,1.0,0.0,1.0,0.0,0.0,1.0,0.0,0,3.0,0,0.4839045035019728,0.6836234158254986,0.31637658417450143,0.4839045035019728,0.5160954964980272,0.0,0.0,0.5160954964980272,-0.5160954964980272
841,842,294.6,1.0,1.0,0.0,1.0,0.0,0.0,1.0,0.0,0,3.0,0,0.664624019520026,0.5493638797241589,0.4506361202758411,0.664624019520026,0.33537598047997397,0.0,0.0,0.33537598047997397,-0.33537598047997397
842,843,334.0,1.0,1.0,0.0,1.0,0.0,0.0,1.0,0.0,0,3.0,0,0.7820615582850104,0.5132705984716948,0.48672940152830524,0.7820615582850104,0.21793844171498952,0.0,0.0,0.21793844171498955,-0.21793844171498952
843,844,261.5,1.0,1.0,0.0,1.0,0.0,0.0,1.0,0.0,0,3.0,0,0.8583763681907624,0.5035675636676256,0.49643243633237444,0.8583763681907624,0.1416236318092376,0.0,0.0,0.14162363180923765,-0.1416236318092376
844,845,448.9,1.0,0.0,1.0,1.0,1.0,0.0,1.0,0.0,0,3.0,0,0.4990409241489968,0.5009590758510032,0.4990409241489968,0.9079682642079798,0.09203173579202012,-0.5009590758510032,0.5009590758510032,0.0,0.0
845,846,324.3,0.0,1.0,1.0,1.0,1.0,0.0,1.0,0.0,0,3.0,0,0.3903250098300369,0.3255398320347755,0.6744601679652245,0.6096749901699632,0.3903250098300369,0.0,0.0,-0.6096749901699632,0.6096749901699632
846,847,235.7,0.0,1.0,1.0,1.0,1.0,0.0,1.0,0.0,0,3.0,0,0.6038129590554343,0.4530994960017729,0.5469005039982271,0.39618704094456575,0.6038129590554343,0.0,0.0,-0.39618704094456575,0.3961870409445657
847,848,451.2,1.0,0.0,1.0,1.0,1.0,0.0,1.0,0.0,0,3.0,0,0.5126083638514333,0.48739163614856673,0.5126083638514333,0.25745548684661157,0.7425445131533884,-0.48739163614856673,0.48739163614856673,0.0,0.0
848,849,222.6,1.0,0.0,1.0,1.0,1.0,0.0,1.0,0.0,0,3.0,0,0.6832767405253087,0.31672325947469127,0.6832767405253087,0.4347962343406317,0.5652037656593683,-0.31672325947469127,0.31672325947469127,0.0,0.0
849,850,362.0,0.0,0.0,0.0,1.0,0.0,0.0,1.0,0.0,0,3.0,0,0.20581728460702392,0.20581728460702392,0.794182715392976,0.4824711307591069,0.517528869240893,0.7941827153929761,-0.794182715392976,0.0,0.0
850,851,357.5,1.0,1.0,0.0,1.0,0.0,0.0,1.0,0.0,0,3.0,0,0.49528767619849606,0.48391371623568197,0.516086283764318,0.49528767619849606,0.504712323801504,0.0,0.0,0.5047123238015039,-0.504712323801504
851,852,456.9,1.0,0.0,1.0,1.0,1.0,0.0,1.0,0.0,0,3.0,0,0.5043245104301137,0.4956754895698862,0.5043245104301137,0.6720211828938086,0.32797881710619137,-0.4956754895698862,0.4956754895698863,0.0,0.0
852,853,368.4,1.0,1.0,0.0,1.0,0.0,0.0,1.0,0.0,0,3.0,0,0.5462448263703323,0.32210638233117606,0.6778936176688238,0.5462448263703323,0.45375517362966766,0.0,0.0,0.45375517362966766,-0.45375517362966766
853,854,331.8,1.0,1.0,0.0,1.0,0.0,0.0,1.0,0.0,0,3.0,0,0.7051348301108604,0.45217647429756663,0.5478235257024333,0.7051348301108604,0.2948651698891396,0.0,0.0,0.2948651698891396,-0.2948651698891396
854,855,259.3,1.0,1.0,0.0,1.0,0.0,0.0,1.0,0.0,0,3.0,0,0.8083868273759636,0.4871434982289861,0.5128565017710138,0.8083868273759636,0.19161317262403643,0.0,0.0,0.19161317262403643,-0.19161317262403643
855,856,318.7,1.0,1.0,0.0,1.0,0.0,0.0,1.0,0.0,0,3.0,0,0.8754834016616722,0.4965437588433662,0.5034562411566338,0.8754834016616722,0.12451659833832782,0.0,0.0,0.12451659833832784,-0.12451659833832782
856,857,458.1,1.0,0.0,1.0,1.0,1.0,0.0,1.0,0.0,0,3.0,0,0.5009291487797826,0.4990708512202175,0.5009291487797826,0.9190849822617907,0.08091501773820926,-0.4990708512202175,0.49907085122021744,0.0,0.0
857,858,285.5,1.0,0.0,1.0,1.0,1.0,0.0,1.0,0.0,0,3.0,0,0.6756871989918721,0.32431280100812787,0.6756871989918721,0.6126635215098725,0.38733647849012753,-0.32431280100812787,0.32431280100812787,0.0,0.0
858,859,341.0,1.0,1.0,0.0,1.0,0.0,0.0,1.0,0.0,0,3.0,0,0.5302875779764318,0.21074922055771772,0.7892507794422823,0.5302875779764318,0.4697124220235683,0.0,0.0,0.4697124220235682,-0.4697124220235683
859,860,332.4,0.0,0.0,0.0,1.0,0.0,0.0,1.0,0.0,0,3.0,0,0.4222400878323859,0.4222400878323859,0.577759912167614,0.6947652805562126,0.30523471944378744,0.577759912167614,-0.577759912167614,0.0,0.0
860,861,403.9,1.0,0.0,1.0,1.0,1.0,0.0,1.0,0.0,0,3.0,0,0.3754475641427688,0.6245524358572311,0.3754475641427688,0.5523591712995672,0.44764082870043276,-0.6245524358572311,0.6245524358572312,0.0,0.0
861,862,287.3,1.0,0.0,1.0,1.0,1.0,0.0,1.0,0.0,0,3.0,0,0.5941451011332829,0.405854898866717,0.5941451011332829,0.51407582917935,0.48592417082065,-0.405854898866717,0.4058548988667171,0.0,0.0
862,863,298.8,1.0,0.0,1.0,1.0,1.0,0.0,1.0,0.0,0,3.0,0,0.7362620182434663,0.2637379817565337,0.7362620182434663,0.503784035579033,0.4962159644209671,-0.2637379817565337,0.26373798175653373,0.0,0.0
863,864,374.2,0.0,0.0,0.0,1.0,0.0,0.0,1.0,0.0,0,3.0,0,0.1713856928060698,0.1713856928060698,0.8286143071939301,0.5010172704627869,0.49898272953721307,0.8286143071939303,-0.8286143071939301,0.0,0.0
864,865,426.3,0.0,0.0,0.0,1.0,0.0,0.0,0.0,1.0,0,1.0,0,0.4615389252559367,0.4615389252559367,0.5384610747440632,0.5002734750170407,0.4997265249829593,0.5384610747440632,-0.5384610747440632,0.0,0.0
865,866,365.8,0.0,1.0,1.0,1.0,1.0,0.0,0.0,1.0,0,1.0,0,0.49992648112013344,0.6500901245642219,0.3499098754357781,0.5000735188798665,0.49992648112013344,0.0,0.0,-0.5000735188798665,0.5000735188798666
866,867,281.2,0.0,1.0,1.0,1.0,1.0,0.0,0.0,1.0,0,1.0,0,0.6750356322726658,0.5403490525620831,0.4596509474379169,0.32496436772733417,0.6750356322726658,0.0,0.0,-0.32496436772733417,0.32496436772733417
867,868,300.7,0.0,0.0,0.0,1.0,0.0,0.0,0.0,1.0,0,1.0,0,0.510847123002827,0.510847123002827,0.48915287699717297,0.21117263023438554,0.7888273697656145,0.489152876997173,-0.48915287699717297,0.0,0.0
868,869,200.0,0.0,0.0,0.0,1.0,0.0,0.0,0.0,1.0,0,1.0,0,0.6821322277743338,0.6821322277743338,0.31786777222566615,0.42235391397083955,0.5776460860291605,0.3178677722256662,-0.31786777222566615,0.0,0.0
869,870,387.5,1.0,1.0,0.0,1.0,0.0,0.0,0.0,1.0,0,1.0,0,0.4791262348836944,0.7934389730262346,0.20656102697376535,0.4791262348836944,0.5208737651163056,0.0,0.0,0.5208737651163056,-0.5208737651163056
870,871,410.9,0.0,1.0,1.0,1.0,1.0,0.0,0.0,1.0,0,1.0,0,0.3384810579970724,0.5788858333003316,0.4211141666996684,0.6615189420029275,0.3384810579970724,0.0,0.0,-0.6615189420029275,0.6615189420029276
871,872,326.3,0.0,0.0,0.0,1.0,0.0,0.0,0.0,1.0,0,1.0,0,0.5212070490545622,0.5212070490545622,0.47879295094543783,0.42987696130992087,0.5701230386900791,0.47879295094543783,-0.47879295094543783,0.0,0.0
872,873,241.8,0.0,0.0,0.0,1.0,0.0,0.0,0.0,1.0,0,1.0,0,0.6888644515214442,0.6888644515214442,0.31113554847855585,0.4811486719587049,0.5188513280412951,0.31113554847855585,-0.31113554847855585,0.0,0.0
873,874,389.2,0.0,1.0,1.0,1.0,1.0,0.0,0.0,1.0,0,1.0,0,0.5050678432589202,0.7978137954289066,0.20218620457109338,0.4949321567410798,0.5050678432589202,0.0,0.0,-0.4949321567410798,0.4949321567410798
874,875,340.7,0.0,1.0,1.0,0.0,0.0,0.0,0.0,1.0,1,1.0,0,0.3216233399911915,0.5800619262617287,0.4199380737382713,0.3216233399911915,0.6783766600088085,0.0,0.0,-0.3216233399911915,0.3216233399911915
875,876,392.1,1.0,0.0,1.0,1.0,1.0,0.0,0.0,1.0,0,1.0,1,0.47847677933284777,0.5215232206671522,0.47847677933284777,0.2090015195379683,0.7909984804620317,-0.5215232206671522,0.5215232206671523,0.0,0.0
876,877,371.6,0.0,0.0,0.0,1.0,0.0,0.0,0.0,1.0,0,1.0,0,0.33890309576648003,0.33890309576648003,0.66109690423352,0.421770249590107,0.578229750409893,0.66109690423352,-0.66109690423352,0.0,0.0
877,878,387.0,0.0,1.0,1.0,1.0,1.0,0.0,0.0,1.0,0,1.0,0,0.5210306728731962,0.5703972928381488,0.4296027071618512,0.47896932712680385,0.5210306728731962,0.0,0.0,-0.47896932712680385,0.47896932712680385
878,879,282.5,0.0,1.0,1.0,1.0,1.0,0.0,0.0,1.0,0,1.0,0,0.6887498364256716,0.51892505637664,0.48107494362336,0.31125016357432844,0.6887498364256716,0.0,0.0,-0.31125016357432844,0.31125016357432844
879,880,317.9,0.0,0.0,0.0,1.0,0.0,0.0,0.0,1.0,0,1.0,0,0.505087663806653,0.505087663806653,0.494912336193347,0.2022606852638787,0.7977393147361214,0.49491233619334696,-0.494912336193347,0.0,0.0
880,881,433.3,0.0,0.0,0.0,1.0,0.0,0.0,0.0,1.0,0,1.0,0,0.6783895400584788,0.6783895400584788,0.32161045994152115,0.4199580965438808,0.5800419034561193,0.32161045994152115,-0.32161045994152115,0.0,0.0
881,882,260.7,0.0,0.0,0.0,1.0,0.0,0.0,0.0,1.0,0,1.0,0,0.7910068503457376,0.7910068503457376,0.20899314965426238,0.47848216210695316,0.5215178378930468,0.2089931496542624,-0.20899314965426238,0.0,0.0
882,883,424.2,0.0,1.0,1.0,1.0,1.0,0.0,0.0,1.0,0,1.0,0,0.5057846868652403,0.8641893158252658,0.13581068417473413,0.49421531313475975,0.5057846868652403,0.0,0.0,-0.49421531313475975,0.49421531313475975
883,884,411.6,0.0,1.0,1.0,1.0,1.0,0.0,0.0,1.0,0,1.0,0,0.6788424887729649,0.5979058008609689,0.40209419913903105,0.32115751122703506,0.6788424887729649,0.0,0.0,-0.32115751122703506,0.32115751122703506
884,885,299.1,0.0,0.0,0.0,1.0,0.0,0.0,0.0,1.0,0,1.0,0,0.5263202280399317,0.5263202280399317,0.4736797719600683,0.20869880854828743,0.7913011914517125,0.4736797719600683,-0.4736797719600683,0.0,0.0
885,886,210.5,0.0,0.0,0.0,1.0,0.0,0.0,0.0,1.0,0,1.0,0,0.6921871649092259,0.6921871649092259,0.307812835090774,0.42168887114053066,0.5783111288594693,0.30781283509077406,-0.307812835090774,0.0,0.0
886,887,369.9,0.0,1.0,1.0,1.0,1.0,0.0,0.0,1.0,0,1.0,0,0.5210525500176713,0.7999730048539893,0.2000269951460107,0.47894744998232874,0.5210525500176713,0.0,0.0,-0.47894744998232874,0.47894744998232874
887,888,297.4,0.0,0.0,0.0,1.0,0.0,0.0,0.0,1.0,0,1.0,0,0.5806423911979672,0.5806423911979672,0.41935760880203277,0.3112359470798459,0.6887640529201541,0.41935760880203277,-0.41935760880203277,0.0,0.0
888,889,500.8,0.0,1.0,1.0,1.0,1.0,0.0,0.0,1.0,0,1.0,0,0.5507458483042842,0.7274875092341428,0.27251249076585715,0.44925415169571575,0.5507458483042842,0.0,0.0,-0.44925415169571575,0.4492541516957158
889,890,300.3,0.0,1.0,1.0,1.0,1.0,0.0,0.0,1.0,0,1.0,0,0.7080597435319307,0.5611559587544899,0.4388440412455102,0.2919402564680693,0.7080597435319307,0.0,0.0,-0.2919402564680693,0.2919402564680693
890,891,319.7,0.0,0.0,0.0,1.0,0.0,0.0,0.0,1.0,0,1.0,0,0.5164406885625152,0.5164406885625152,0.48355931143748476,0.1897124668184894,0.8102875331815106,0.48355931143748476,-0.48355931143748476,0.0,0.0
891,892,583.2,0.0,1.0,1.0,1.0,1.0,0.0,0.0,1.0,0,1.0,0,0.583415268140062,0.6857671122999472,0.31423288770005275,0.41658473185993805,0.583415268140062,0.0,0.0,-0.41658473185993805,0.41658473185993805
892,893,326.5,0.0,0.0,0.0,1.0,0.0,0.0,0.0,1.0,0,1.0,0,0.5499401742803518,0.5499401742803518,0.45005982571964814,0.27071058330974573,0.7292894166902543,0.4500598257196482,-0.45005982571964814,0.0,0.0
893,894,382.0,0.0,1.0,1.0,1.0,1.0,0.0,0.0,1.0,0,1.0,0,0.5616403694302071,0.7075361898145334,0.29246381018546663,0.4383596305697929,0.5616403694302071,0.0,0.0,-0.4383596305697929,0.4383596305697929
894,895,329.4,0.0,1.0,1.0,1.0,1.0,0.0,0.0,1.0,0,1.0,0,0.7151393648990203,0.5557924024360308,0.4442075975639692,0.2848606351009797,0.7151393648990203,0.0,0.0,-0.2848606351009797,0.2848606351009797
895,896,316.9,1.0,0.0,1.0,1.0,1.0,0.0,0.0,1.0,0,1.0,0,0.4850012078743192,0.5149987921256808,0.4850012078743192,0.18511189391381241,0.8148881060861876,-0.5149987921256808,0.5149987921256808,0.0,0.0
896,897,308.3,0.0,1.0,1.0,1.0,1.0,0.0,0.0,1.0,0,1.0,0,0.5846520500968061,0.3346633055842073,0.6653366944157927,0.4153479499031939,0.5846520500968061,0.0,0.0,-0.4153479499031939,0.4153479499031939
897,898,343.8,1.0,1.0,0.0,1.0,0.0,0.0,0.0,1.0,0,1.0,0,0.2699068813511013,0.45555217911376067,0.5444478208862393,0.2699068813511013,0.7300931186488987,0.0,0.0,0.7300931186488987,-0.7300931186488987
898,899,443.2,1.0,0.0,1.0,1.0,1.0,0.0,0.0,1.0,0,1.0,0,0.5119490037496873,0.4880509962503127,0.5119490037496873,0.5255612630413791,0.4744387369586209,-0.4880509962503127,0.4880509962503127,0.0,0.0
899,900,442.7,0.0,1.0,1.0,1.0,1.0,0.0,0.0,1.0,0,1.0,0,0.4931283104134641,0.3171517335499602,0.6828482664500398,0.5068716895865358,0.4931283104134641,0.0,0.0,-0.5068716895865358,0.506871689586536
900,901,449.8,0.0,1.0,1.0,1.0,1.0,0.0,0.0,1.0,0,1.0,0,0.6706179553471936,0.45084450535770215,0.5491554946422978,0.3293820446528064,0.6706179553471936,0.0,0.0,-0.3293820446528064,0.3293820446528064
901,902,301.2,0.0,0.0,0.0,1.0,0.0,0.0,0.0,1.0,0,1.0,0,0.4867854221402248,0.4867854221402248,0.5132145778597752,0.214043383303105,0.785956616696895,0.5132145778597752,-0.5132145778597752,0.0,0.0
902,903,272.7,0.0,0.0,0.0,1.0,0.0,0.0,0.0,1.0,0,1.0,0,0.6664961360557116,0.6664961360557116,0.33350386394428844,0.4231256647225884,0.5768743352774116,0.33350386394428844,-0.33350386394428844,0.0,0.0
903,904,220.1,0.0,0.0,0.0,1.0,0.0,0.0,0.0,1.0,0,1.0,0,0.7832781217369078,0.7832781217369078,0.2167218782630922,0.47933370630619837,0.5206662936938016,0.2167218782630922,-0.2167218782630922,0.0,0.0
904,905,423.6,0.0,1.0,1.0,1.0,1.0,0.0,0.0,1.0,0,1.0,0,0.5055557643977958,0.8591669314939974,0.14083306850600263,0.49444423560220413,0.5055557643977958,0.0,0.0,-0.49444423560220413,0.4944442356022042
905,906,318.9,1.0,0.0,1.0,1.0,1.0,0.0,0.0,1.0,0,1.0,0,0.4034443775732066,0.5965556224267934,0.4034443775732066,0.32130627264327294,0.678693727356727,-0.5965556224267934,0.5965556224267934,0.0,0.0
906,907,514.4,1.0,0.0,1.0,1.0,1.0,0.0,0.0,1.0,0,1.0,0,0.6123383595869224,0.3876616404130776,0.6123383595869224,0.45196137908096684,0.5480386209190331,-0.3876616404130776,0.3876616404130776,0.0,0.0
907,908,385.8,0.0,0.0,0.0,1.0,0.0,0.0,0.0,1.0,0,1.0,0,0.25191539866209234,0.25191539866209234,0.7480846013379077,0.4870856737170428,0.5129143262829572,0.7480846013379077,-0.7480846013379077,0.0,0.0
908,909,365.3,1.0,1.0,0.0,1.0,0.0,0.0,0.0,1.0,0,1.0,0,0.4965282137548499,0.5138698005348119,0.48613019946518804,0.4965282137548499,0.5034717862451501,0.0,0.0,0.5034717862451501,-0.5034717862451501
909,910,408.7,1.0,0.0,1.0,1.0,1.0,0.0,0.0,1.0,0,1.0,0,0.49627135154674834,0.5037286484532516,0.49627135154674834,0.6728273253657107,0.32717267463428934,-0.5037286484532516,0.5037286484532517,0.0,0.0
910,911,380.2,0.0,0.0,0.0,1.0,0.0,0.0,0.0,1.0,0,1.0,0,0.32733959222119885,0.32733959222119885,0.6726604077788012,0.5464615433932927,0.45353845660670733,0.6726604077788012,-0.6726604077788012,0.0,0.0
911,912,367.6,0.0,1.0,1.0,1.0,1.0,0.0,0.0,1.0,0,1.0,0,0.487509642876675,0.562882944494485,0.43711705550551516,0.512490357123325,0.487509642876675,0.0,0.0,-0.512490357123325,0.512490357123325
912,913,263.1,1.0,0.0,1.0,1.0,1.0,0.0,0.0,1.0,0,1.0,0,0.4830950421286322,0.5169049578713678,0.4830950421286322,0.3330332412761601,0.6669667587238399,-0.5169049578713678,0.5169049578713678,0.0,0.0
913,914,210.5,1.0,0.0,1.0,1.0,1.0,0.0,0.0,1.0,0,1.0,0,0.6640980046572984,0.3359019953427016,0.6640980046572984,0.45511396540292565,0.5448860345970743,-0.3359019953427016,0.3359019953427016,0.0,0.0
914,915,345.9,0.0,0.0,0.0,1.0,0.0,0.0,0.0,1.0,0,1.0,0,0.21828026362882402,0.21828026362882402,0.781719736371176,0.48793319031135934,0.5120668096886406,0.781719736371176,-0.781719736371176,0.0,0.0
915,916,325.3,0.0,0.0,0.0,1.0,0.0,0.0,0.0,1.0,0,1.0,0,0.4920125735934763,0.4920125735934763,0.5079874264065237,0.49675605347255686,0.5032439465274431,0.5079874264065237,-0.5079874264065237,0.0,0.0
916,917,248.7,0.0,0.0,0.0,1.0,0.0,0.0,0.0,1.0,0,1.0,0,0.6698929125353494,0.6698929125353494,0.33010708746465056,0.49912792284419494,0.5008720771558051,0.33010708746465056,-0.33010708746465056,0.0,0.0
917,918,284.2,0.0,0.0,0.0,1.0,0.0,0.0,0.0,1.0,0,1.0,0,0.7854854598168948,0.7854854598168948,0.21451454018310523,0.4997655576134677,0.5002344423865324,0.21451454018310523,-0.21451454018310523,0.0,0.0
918,919,383.6,0.0,1.0,1.0,1.0,1.0,0.0,0.0,1.0,0,1.0,0,0.5000630256534495,0.8606013330298559,0.13939866697014414,0.49993697434655054,0.5000630256534495,0.0,0.0,-0.49993697434655054,0.4999369743465505
919,920,483.1,1.0,1.0,0.0,1.0,0.0,0.0,0.0,1.0,0,1.0,0,0.32487563655829516,0.5969412356917135,0.40305876430828647,0.32487563655829516,0.6751243634417049,0.0,0.0,0.6751243634417048,-0.6751243634417049
920,921,430.5,0.0,1.0,1.0,1.0,1.0,0.0,0.0,1.0,0,1.0,0,0.43871821566272007,0.526060921900858,0.47393907809914204,0.5612817843372799,0.43871821566272007,0.0,0.0,-0.5612817843372799,0.5612817843372799
921,922,390.0,0.0,0.0,0.0,1.0,0.0,0.0,0.0,1.0,0,1.0,0,0.5070060139575947,0.5070060139575947,0.49299398604240535,0.36473952984471375,0.6352604701552862,0.4929939860424053,-0.49299398604240535,0.0,0.0
922,923,265.4,0.0,0.0,0.0,1.0,0.0,0.0,0.0,1.0,0,1.0,0,0.6796361476478524,0.6796361476478524,0.3203638523521476,0.46363763548258996,0.53636236451741,0.3203638523521476,-0.3203638523521476,0.0,0.0
923,924,228.9,0.0,0.0,0.0,1.0,0.0,0.0,0.0,1.0,0,1.0,0,0.7918169373265325,0.7918169373265325,0.20818306267346748,0.4902246269602714,0.5097753730397286,0.20818306267346753,-0.20818306267346748,0.0,0.0
924,925,212.3,0.0,0.0,0.0,1.0,0.0,0.0,0.0,1.0,0,1.0,0,0.8647157372284784,0.8647157372284784,0.1352842627715216,0.4973720653391476,0.5026279346608524,0.1352842627715216,-0.1352842627715216,0.0,0.0
925,926,223.8,0.0,0.0,0.0,1.0,0.0,0.0,0.0,1.0,0,1.0,0,0.9120877965834314,0.9120877965834314,0.08791220341656854,0.49929352664561827,0.5007064733543817,0.08791220341656858,-0.08791220341656854,0.0,0.0
926,927,243.1,0.0,0.0,0.0,1.0,0.0,0.0,0.0,1.0,0,1.0,0,0.9428717328148604,0.9428717328148604,0.05712826718513962,0.49981007724130805,0.500189922758692,0.057128267185139636,-0.05712826718513962,0.0,0.0
927,928,446.6,1.0,0.0,1.0,1.0,1.0,0.0,0.0,1.0,0,1.0,0,0.03712384384352278,0.9628761561564771,0.03712384384352278,0.4999489426543189,0.5000510573456811,-0.9628761561564771,0.9628761561564773,0.0,0.0
928,929,338.0,1.0,1.0,0.0,1.0,0.0,0.0,0.0,1.0,0,1.0,0,0.4999862741434152,0.6257088797383091,0.37429112026169087,0.4999862741434152,0.5000137258565849,0.0,0.0,0.5000137258565849,-0.5000137258565849
929,930,521.5,0.0,0.0,0.0,1.0,0.0,0.0,0.0,1.0,0,1.0,0,0.5337945898226719,0.5337945898226719,0.4662054101773281,0.675074487763452,0.32492551223654803,0.4662054101773281,-0.4662054101773281,0.0,0.0
930,931,360.9,0.0,1.0,1.0,1.0,1.0,0.0,0.0,1.0,0,1.0,0,0.4529343470827446,0.6970442532356267,0.3029557467643733,0.5470656529172554,0.4529343470827446,0.0,0.0,-0.5470656529172554,0.5470656529172554
931,932,440.4,0.0,1.0,1.0,1.0,1.0,0.0,0.0,1.0,0,1.0,0,0.6444985841205786,0.5529718324503006,0.4470281675496994,0.3555014158794214,0.6444985841205786,0.0,0.0,-0.3555014158794214,0.3555014158794214
932,933,311.8,0.0,1.0,1.0,1.0,1.0,0.0,0.0,1.0,0,1.0,0,0.7689833824910431,0.5142405322005879,0.4857594677994122,0.23101661750895686,0.7689833824910431,0.0,0.0,-0.23101661750895686,0.23101661750895686
933,934,387.3,1.0,0.0,1.0,1.0,1.0,0.0,0.0,1.0,0,1.0,0,0.4961716869518108,0.5038283130481892,0.4961716869518108,0.15012226444516105,0.8498777355548389,-0.5038283130481892,0.5038283130481892,0.0,0.0
934,935,294.7,1.0,0.0,1.0,1.0,1.0,0.0,0.0,1.0,0,1.0,0,0.6725956424175974,0.3274043575824026,0.6725956424175974,0.40594161219338454,0.5940583878066155,-0.3274043575824026,0.3274043575824026,0.0,0.0
935,936,370.1,0.0,0.0,0.0,1.0,0.0,0.0,0.0,1.0,0,1.0,0,0.2127582166143432,0.2127582166143432,0.7872417833856568,0.47471408032651735,0.5252859196734827,0.7872417833856569,-0.7872417833856568,0.0,0.0
936,937,485.3,0.0,1.0,1.0,1.0,1.0,0.0,0.0,1.0,0,1.0,0,0.5067976684338709,0.488424164191913,0.5115758358080871,0.4932023315661291,0.5067976684338709,0.0,0.0,-0.4932023315661291,0.49320233156612914
937,938,400.8,1.0,1.0,0.0,1.0,0.0,0.0,0.0,1.0,0,1.0,0,0.3204992421875009,0.49688804304196116,0.5031119569580389,0.3204992421875009,0.6795007578124991,0.0,0.0,0.6795007578124991,-0.6795007578124991
938,939,340.2,0.0,0.0,0.0,1.0,0.0,0.0,0.0,1.0,0,1.0,0,0.4991634058853944,0.4991634058853944,0.5008365941146056,0.55843785804257,0.44156214195743004,0.5008365941146056,-0.5008365941146056,0.0,0.0
939,940,383.6,0.0,1.0,1.0,1.0,1.0,0.0,0.0,1.0,0,1.0,0,0.4842900243262422,0.6745397606621458,0.3254602393378542,0.5157099756737578,0.4842900243262422,0.0,0.0,-0.5157099756737578,0.5157099756737578
940,941,339.0,0.0,1.0,1.0,1.0,1.0,0.0,0.0,1.0,0,1.0,0,0.6648745437453141,0.5469219010749565,0.45307809892504347,0.3351254562546859,0.6648745437453141,0.0,0.0,-0.3351254562546859,0.3351254562546859
941,942,258.4,1.0,1.0,0.0,0.0,1.0,0.0,0.0,1.0,1,1.0,0,0.782224357240359,0.5126141160738139,0.4873858839261861,0.21777564275964098,0.782224357240359,0.0,0.0,0.782224357240359,-0.782224357240359
942,943,297.9,0.0,0.0,0.0,1.0,0.0,0.0,0.0,1.0,0,1.0,1,0.5033910800858103,0.5033910800858103,0.4966089199141896,0.4916846542066161,0.5083153457933838,0.49660891991418965,-0.4966089199141896,0.0,0.0
943,944,237.3,0.0,0.0,0.0,1.0,0.0,0.0,0.0,1.0,0,1.0,0,0.6772870436547999,0.6772870436547999,0.32271295634520003,0.4977645676192002,0.5022354323807998,0.32271295634520014,-0.32271295634520003,0.0,0.0
944,945,856.7,0.0,1.0,1.0,1.0,1.0,0.0,0.0,1.0,2,1.0,0,0.5006009561181574,0.7902904115958,0.20970958840419995,0.4993990438818426,0.5006009561181574,0.0,0.0,-0.4993990438818426,0.49939904388184264
945,946,292.2,0.0,1.0,1.0,1.0,1.0,0.0,0.0,1.0,0,1.0,0,0.6754739285091306,0.5780393987263022,0.42196060127369783,0.32452607149086937,0.6754739285091306,0.0,0.0,-0.32452607149086937,0.3245260714908694
946,947,347.6,0.0,0.0,0.0,1.0,0.0,0.0,0.0,1.0,0,1.0,0,0.5209795002187074,0.5209795002187074,0.4790204997812925,0.21088781079487773,0.7891121892051223,0.4790204997812926,-0.4790204997812925,0.0,0.0
947,948,487.1,0.0,1.0,1.0,1.0,1.0,0.0,0.0,1.0,0,1.0,0,0.5777226546546365,0.6887165827365977,0.3112834172634022,0.42227734534536354,0.5777226546546365,0.0,0.0,-0.42227734534536354,0.42227734534536354
948,949,506.5,1.0,1.0,0.0,1.0,0.0,0.0,0.0,1.0,0,1.0,0,0.2744098324644521,0.550733086792246,0.44926691320775397,0.2744098324644521,0.7255901675355478,0.0,0.0,0.7255901675355478,-0.7255901675355478
949,950,378.0,0.0,1.0,1.0,1.0,1.0,0.0,0.0,1.0,0,1.0,0,0.47151256989275653,0.5136386853669453,0.48636131463305465,0.5284874301072434,0.47151256989275653,0.0,0.0,-0.5284874301072434,0.5284874301072435
950,951,389.4,1.0,0.0,1.0,1.0,1.0,0.0,0.0,1.0,0,1.0,0,0.4963334827368131,0.5036665172631869,0.4963334827368131,0.3434286701709981,0.6565713298290019,-0.5036665172631869,0.5036665172631869,0.0,0.0
951,952,300.8,0.0,1.0,1.0,1.0,1.0,0.0,0.0,1.0,0,1.0,0,0.5420914089806252,0.327299217312044,0.6727007826879561,0.4579085910193748,0.5420914089806252,0.0,0.0,-0.4579085910193748,0.45790859101937476
952,953,400.2,0.0,0.0,0.0,1.0,0.0,0.0,0.0,1.0,0,1.0,0,0.45357247534825273,0.45357247534825273,0.5464275246517473,0.2975641983419502,0.7024358016580499,0.5464275246517473,-0.5464275246517473,0.0,0.0
953,954,379.7,0.0,1.0,1.0,1.0,1.0,0.0,0.0,1.0,0,1.0,0,0.5544212540649405,0.6449132610440723,0.3550867389559277,0.44557874593505953,0.5544212540649405,0.0,0.0,-0.44557874593505953,0.44557874593505953
954,955,367.1,1.0,1.0,0.0,0.0,1.0,0.0,0.0,1.0,1,1.0,0,0.7104481441651583,0.5389573451536995,0.4610426548463005,0.28955185583484166,0.7104481441651583,0.0,0.0,0.7104481441651583,-0.7104481441651583
955,956,386.6,0.0,1.0,1.0,1.0,1.0,0.0,0.0,1.0,0,1.0,1,0.46167278061198636,0.5104729872924667,0.48952701270753335,0.5383272193880136,0.46167278061198636,0.0,0.0,-0.5383272193880136,0.5383272193880136
956,957,278.0,0.0,1.0,1.0,1.0,1.0,0.0,0.0,1.0,0,1.0,0,0.6501771082166317,0.5028154758081033,0.4971845241918968,0.34982289178336834,0.6501771082166317,0.0,0.0,-0.34982289178336834,0.34982289178336834
957,958,373.5,1.0,1.0,0.0,1.0,0.0,0.0,0.0,1.0,0,1.0,0,0.22732652410702725,0.500756890446312,0.49924310955368806,0.22732652410702725,0.7726734758929727,0.0,0.0,0.7726734758929727,-0.7726734758929727
958,959,400.9,0.0,0.0,0.0,1.0,0.0,0.0,0.0,1.0,0,1.0,0,0.5002034764944773,0.5002034764944773,0.4997965235055228,0.49789113385633693,0.502108866143663,0.4997965235055227,-0.4997965235055228,0.0,0.0
959,960,476.4,0.0,1.0,1.0,1.0,1.0,0.0,0.0,1.0,0,1.0,0,0.5005669310430924,0.6752156330591275,0.32478436694087254,0.49943306895690764,0.5005669310430924,0.0,0.0,-0.49943306895690764,0.49943306895690764
960,961,411.8,0.0,1.0,1.0,1.0,1.0,0.0,0.0,1.0,0,1.0,0,0.6754518178862163,0.5471035973121356,0.4528964026878643,0.32454818211378367,0.6754518178862163,0.0,0.0,-0.32454818211378367,0.32454818211378367
961,962,355.3,1.0,1.0,0.0,0.0,1.0,0.0,0.0,1.0,1,1.0,0,0.7890978209886018,0.5126629618659375,0.48733703813406243,0.21090217901139818,0.7890978209886018,0.0,0.0,0.7890978209886018,-0.7890978209886018
962,963,478.7,0.0,0.0,0.0,1.0,0.0,0.0,0.0,1.0,0,1.0,1,0.5034042114056727,0.5034042114056727,0.49659578859432724,0.48721804936409685,0.5127819506359031,0.4965957885943273,-0.49659578859432724,0.0,0.0
963,964,362.0,1.0,1.0,0.0,1.0,0.0,0.0,0.0,1.0,0,1.0,0,0.4965638005861383,0.6772955768222151,0.3227044231777849,0.4965638005861383,0.5034361994138616,0.0,0.0,0.5034361994138616,-0.5034361994138616
964,965,429.5,1.0,0.0,1.0,1.0,1.0,0.0,0.0,1.0,0,1.0,0,0.4523372469108492,0.5476627530891508,0.4523372469108492,0.6728504508696465,0.32714954913035355,-0.5476627530891508,0.5476627530891508,0.0,0.0
965,966,312.9,1.0,0.0,1.0,1.0,1.0,0.0,0.0,1.0,0,1.0,0,0.6441105686138496,0.35588943138615037,0.6441105686138496,0.5464677602724947,0.45353223972750534,-0.35588943138615037,0.35588943138615037,0.0,0.0
966,967,436.4,0.0,1.0,1.0,1.0,1.0,0.0,0.0,1.0,0,1.0,0,0.4875079715796031,0.23126876286169423,0.7687312371383057,0.5124920284203969,0.4875079715796031,0.0,0.0,-0.5124920284203969,0.5124920284203969
967,968,311.8,0.0,0.0,0.0,1.0,0.0,0.0,0.0,1.0,0,1.0,0,0.4277564007368953,0.4277564007368953,0.5722435992631048,0.3330343273404601,0.6669656726595399,0.5722435992631048,-0.5722435992631048,0.0,0.0
968,969,475.3,1.0,0.0,1.0,1.0,1.0,0.0,0.0,1.0,0,1.0,0,0.37186288095615394,0.6281371190438461,0.37186288095615394,0.45511425737193867,0.5448857426280613,-0.6281371190438461,0.6281371190438461,0.0,0.0
969,970,410.7,0.0,0.0,0.0,1.0,0.0,0.0,0.0,1.0,0,1.0,0,0.4081843449606642,0.4081843449606642,0.5918156550393359,0.48793326880202015,0.5120667311979799,0.5918156550393359,-0.5918156550393359,0.0,0.0
970,971,522.2,0.0,0.0,0.0,1.0,0.0,0.0,0.0,1.0,0,1.0,0,0.6154185476931904,0.6154185476931904,0.3845814523068097,0.49675607457337084,0.5032439254266292,0.3845814523068096,-0.3845814523068097,0.0,0.0
971,972,277.6,0.0,0.0,0.0,1.0,0.0,0.0,0.0,1.0,0,1.0,0,0.7500862097867548,0.7500862097867548,0.2499137902132453,0.4991279285167724,0.5008720714832277,0.24991379021324522,-0.2499137902132453,0.0,0.0
972,973,504.8,0.0,1.0,1.0,1.0,1.0,0.0,0.0,1.0,0,1.0,0,0.5002344408615611,0.8375977256206226,0.1624022743793775,0.49976555913843895,0.5002344408615611,0.0,0.0,-0.49976555913843895,0.4997655591384389
973,974,404.2,0.0,0.0,0.0,1.0,0.0,0.0,0.0,1.0,0,1.0,0,0.5907571261963849,0.5907571261963849,0.4092428738036152,0.3247642452675753,0.6752357547324247,0.4092428738036151,-0.4092428738036152,0.0,0.0
974,975,407.7,1.0,0.0,1.0,1.0,1.0,0.0,0.0,1.0,0,1.0,0,0.2659396003019653,0.7340603996980347,0.2659396003019653,0.45289099333494476,0.5471090066650552,-0.7340603996980347,0.7340603996980347,0.0,0.0
975,976,379.1,0.0,0.0,0.0,1.0,0.0,0.0,0.0,1.0,0,1.0,0,0.47701680784031225,0.47701680784031225,0.5229831921596877,0.4873355839260264,0.5126644160739736,0.5229831921596877,-0.5229831921596877,0.0,0.0
976,977,310.5,0.0,0.0,0.0,1.0,0.0,0.0,0.0,1.0,0,1.0,0,0.6601481663078755,0.6601481663078755,0.33985183369212435,0.49659539765643806,0.5034046023435619,0.33985183369212446,-0.33985183369212435,0.0,0.0
977,978,429.9,1.0,1.0,0.0,1.0,0.0,0.0,0.0,1.0,0,1.0,0,0.49908473339393766,0.7791530003346019,0.22084699966539806,0.49908473339393766,0.5009152666060623,0.0,0.0,0.5009152666060623,-0.5009152666060623
978,979,401.3,0.0,1.0,1.0,1.0,1.0,0.0,0.0,1.0,0,1.0,0,0.3255113633335839,0.5750453043867286,0.42495469561327137,0.6744886366664161,0.3255113633335839,0.0,0.0,-0.6744886366664161,0.6744886366664161
979,980,320.8,0.0,0.0,0.0,1.0,0.0,0.0,0.0,1.0,0,1.0,0,0.5201745913665492,0.5201745913665492,0.47982540863345086,0.43830509930726536,0.5616949006927346,0.4798254086334508,-0.47982540863345086,0.0,0.0
980,981,252.2,0.0,0.0,0.0,1.0,0.0,0.0,0.0,1.0,0,1.0,0,0.6881935262532118,0.6881935262532118,0.3118064737467882,0.4834144265114625,0.5165855734885375,0.31180647374678816,-0.3118064737467882,0.0,0.0
981,982,247.7,0.0,0.0,0.0,1.0,0.0,0.0,0.0,1.0,0,1.0,0,0.7973778059246598,0.7973778059246598,0.20262219407534027,0.495541264434257,0.5044587355657429,0.2026221940753402,-0.20262219407534027,0.0,0.0
982,983,279.1,0.0,0.0,0.0,1.0,0.0,0.0,0.0,1.0,0,1.0,0,0.8683293741834065,0.8683293741834065,0.13167062581659356,0.49880134848162105,0.501198651518379,0.1316706258165935,-0.13167062581659356,0.0,0.0
983,984,398.6,0.0,1.0,1.0,1.0,1.0,0.0,0.0,1.0,0,1.0,0,0.5003222360782171,0.9144360577968721,0.08556394220312798,0.49967776392178287,0.5003222360782171,0.0,0.0,-0.49967776392178287,0.49967776392178287
984,985,326.0,0.0,1.0,1.0,1.0,1.0,0.0,0.0,1.0,0,1.0,0,0.6752928069777306,0.611413741098691,0.38858625890130905,0.3247071930222694,0.6752928069777306,0.0,0.0,-0.3247071930222694,0.32470719302226936
985,986,409.5,1.0,1.0,0.0,1.0,0.0,0.0,0.0,1.0,0,1.0,0,0.211005509576579,0.5299515968074625,0.4700484031925375,0.211005509576579,0.7889944904234211,0.0,0.0,0.788994490423421,-0.7889944904234211
986,987,364.9,1.0,1.0,0.0,1.0,0.0,0.0,0.0,1.0,0,1.0,0,0.48728519699442147,0.5080519525012821,0.4919480474987179,0.48728519699442147,0.5127148030055786,0.0,0.0,0.5127148030055786,-0.5127148030055786
987,988,448.4,0.0,1.0,1.0,1.0,1.0,0.0,0.0,1.0,0,1.0,0,0.3331790936587836,0.5021646237928373,0.4978353762071627,0.6668209063412165,0.3331790936587836,0.0,0.0,-0.6668209063412165,0.6668209063412164
988,989,299.8,0.0,1.0,1.0,1.0,1.0,0.0,0.0,1.0,0,1.0,0,0.5666776463150456,0.5005819204924236,0.49941807950757644,0.43332235368495453,0.5666776463150456,0.0,0.0,-0.43332235368495453,0.4333223536849544
989,990,431.2,1.0,1.0,0.0,1.0,0.0,0.0,0.0,1.0,0,1.0,0,0.28158724541696756,0.5001564389436275,0.49984356105637245,0.28158724541696756,0.7184127545830326,0.0,0.0,0.7184127545830324,-0.7184127545830326
990,991,490.6,0.0,1.0,1.0,1.0,1.0,0.0,0.0,1.0,0,1.0,0,0.4668484487706132,0.5000420558193119,0.499957944180688,0.5331515512293868,0.4668484487706132,0.0,0.0,-0.5331515512293868,0.5331515512293867
991,992,334.1,0.0,1.0,1.0,1.0,1.0,0.0,0.0,1.0,0,1.0,0,0.6535404291429268,0.5000113059567969,0.4999886940432031,0.3464595708570733,0.6535404291429268,0.0,0.0,-0.3464595708570733,0.34645957085707324
992,993,341.5,0.0,0.0,0.0,1.0,0.0,0.0,0.0,1.0,0,1.0,0,0.5000030394048002,0.5000030394048002,0.4999969605951998,0.22514092655583973,0.7748590734441603,0.4999969605951998,-0.4999969605951998,0.0,0.0
993,994,257.0,0.0,0.0,0.0,1.0,0.0,0.0,0.0,1.0,0,1.0,0,0.6750853823866625,0.6750853823866625,0.32491461761333745,0.4261090412592838,0.5738909587407162,0.3249146176133375,-0.32491461761333745,0.0,0.0
994,995,408.4,0.0,1.0,1.0,1.0,1.0,0.0,0.0,1.0,0,1.0,0,0.5198642661317544,0.7888596990406689,0.2111403009593311,0.4801357338682456,0.5198642661317544,0.0,0.0,-0.4801357338682456,0.4801357338682456
995,996,395.8,0.0,1.0,1.0,1.0,1.0,0.0,0.0,1.0,0,1.0,0,0.687991866617363,0.5776547771780436,0.4223452228219564,0.31200813338263694,0.687991866617363,0.0,0.0,-0.31200813338263694,0.312008133382637
996,997,351.3,0.0,0.0,0.0,1.0,0.0,0.0,0.0,1.0,0,1.0,0,0.5208761015766432,0.5208761015766432,0.4791238984233568,0.20275323919887828,0.7972467608011217,0.4791238984233568,-0.4791238984233568,0.0,0.0
997,998,546.7,0.0,1.0,1.0,1.0,1.0,0.0,0.0,1.0,0,1.0,0,0.5799094891172634,0.6886493908676551,0.3113506091323449,0.42009051088273663,0.5799094891172634,0.0,0.0,-0.42009051088273663,0.42009051088273663
998,999,442.2,1.0,1.0,0.0,1.0,0.0,0.0,0.0,1.0,0,1.0,0,0.27298875485957574,0.5507150234569027,0.44928497654309724,0.27298875485957574,0.7270112451404243,0.0,0.0,0.7270112451404243,-0.7270112451404243
999,1000,357.6,1.0,0.0,1.0,1.0,1.0,0.0,0.0,1.0,0,1.0,0,0.48636617063853355,0.5136338293614664,0.48636617063853355,0.5275639667205108,0.47243603327948924,-0.5136338293614664,0.5136338293614664,0.0,0.0
1000,1001,365.0,1.0,1.0,0.0,1.0,0.0,0.0,0.0,1.0,0,1.0,0,0.5074100807448495,0.3337763074831325,0.6662236925168675,0.5074100807448495,0.49258991925515055,0.0,0.0,0.4925899192551505,-0.49258991925515055
1001,1002,352.4,0.0,0.0,0.0,1.0,0.0,0.0,0.0,1.0,0,1.0,0,0.45531372549726423,0.45531372549726423,0.5446862745027358,0.6798987236553442,0.3201012763446558,0.5446862745027358,-0.5446862745027358,0.0,0.0
1002,1003,371.9,0.0,1.0,1.0,1.0,1.0,0.0,0.0,1.0,0,1.0,0,0.4516374373217659,0.6460447831750504,0.3539552168249496,0.548362562678234,0.4516374373217659,0.0,0.0,-0.548362562678234,0.548362562678234
1003,1004,347.3,0.0,1.0,1.0,1.0,1.0,0.0,0.0,1.0,0,1.0,0,0.6436558091193749,0.5392615346936213,0.46073846530637874,0.35634419088062497,0.6436558091193749,0.0,0.0,-0.35634419088062497,0.3563441908806251
1004,1005,334.8,0.0,1.0,1.0,1.0,1.0,0.0,0.0,1.0,0,1.0,0,0.7684357193274027,0.5105547632238997,0.4894452367761003,0.23156428067259724,0.7684357193274027,0.0,0.0,-0.23156428067259724,0.23156428067259727
1005,1006,330.2,0.0,0.0,0.0,1.0,0.0,0.0,0.0,1.0,0,1.0,0,0.5028374598084849,0.5028374598084849,0.4971625401915151,0.150478154143337,0.849521845856663,0.49716254019151507,-0.4971625401915151,0.0,0.0
1006,1007,421.7,0.0,1.0,1.0,1.0,1.0,0.0,0.0,1.0,0,1.0,0,0.5939627132099043,0.676927282826462,0.3230727171735381,0.40603728679009565,0.5939627132099043,0.0,0.0,-0.40603728679009565,0.40603728679009565
1007,1008,333.1,1.0,0.0,1.0,1.0,1.0,0.0,0.0,1.0,0,1.0,0,0.45243625618168626,0.5475637438183137,0.45243625618168626,0.2638565034817684,0.7361434965182316,-0.5475637438183137,0.5475637438183137,0.0,0.0
1008,1009,460.1,0.0,1.0,1.0,1.0,1.0,0.0,0.0,1.0,0,2.0,0,0.5634829665234318,0.3558250918762943,0.6441749081237057,0.4365170334765682,0.5634829665234318,0.0,0.0,-0.4365170334765682,0.43651703347656823
1009,1010,447.5,1.0,0.0,1.0,1.0,1.0,0.0,0.0,1.0,0,2.0,0,0.5387588521423855,0.4612411478576145,0.5387588521423855,0.283663254362409,0.7163367456375909,-0.4612411478576145,0.4612411478576145,0.0,0.0
1010,1011,282.9,1.0,0.0,1.0,1.0,1.0,0.0,0.0,1.0,0,2.0,0,0.7002701956322004,0.2997298043677996,0.7002701956322004,0.44184172512225395,0.558158274877746,-0.2997298043677996,0.2997298043677996,0.0,0.0
1011,1012,314.3,0.0,1.0,1.0,1.0,1.0,0.0,0.0,1.0,0,2.0,0,0.5156348147273218,0.1947743735432999,0.8052256264567001,0.48436518527267824,0.5156348147273218,0.0,0.0,-0.48436518527267824,0.48436518527267824
1012,1013,341.8,0.0,0.0,0.0,1.0,0.0,0.0,0.0,1.0,0,2.0,0,0.41794553518458544,0.41794553518458544,0.5820544648154146,0.31475657126143836,0.6852434287385616,0.5820544648154146,-0.5820544648154146,0.0,0.0
1013,1014,377.2,0.0,1.0,1.0,1.0,1.0,0.0,0.0,1.0,0,2.0,0,0.5497993912967571,0.621761693030076,0.378238306969924,0.4502006087032428,0.5497993912967571,0.0,0.0,-0.4502006087032428,0.45020060870324285
1014,1015,408.7,0.0,1.0,1.0,0.0,0.0,0.0,0.0,1.0,1,2.0,0,0.2925552956401516,0.5327334590892191,0.46726654091078085,0.2925552956401516,0.7074447043598484,0.0,0.0,-0.2925552956401516,0.2925552956401516
1015,1016,320.1,0.0,0.0,0.0,1.0,0.0,0.0,0.0,1.0,0,2.0,1,0.5087998065506606,0.5087998065506606,0.4912001934493394,0.19011213968285334,0.8098878603171467,0.4912001934493394,-0.4912001934493394,0.0,0.0
1016,1017,299.6,0.0,0.0,0.0,1.0,0.0,0.0,0.0,1.0,0,2.0,0,0.6808018136026212,0.6808018136026212,0.31919818639737885,0.41669217677983983,0.5833078232201602,0.31919818639737885,-0.31919818639737885,0.0,0.0
1017,1018,255.0,0.0,0.0,0.0,1.0,0.0,0.0,0.0,1.0,0,2.0,0,0.7925744257470776,0.7925744257470776,0.20742557425292246,0.47760417783846487,0.5223958221615351,0.2074255742529224,-0.20742557425292246,0.0,0.0
1018,1019,382.5,1.0,1.0,0.0,1.0,0.0,0.0,0.0,1.0,0,2.0,0,0.49397928272635827,0.8652079783417342,0.1347920216582658,0.49397928272635827,0.5060207172736417,0.0,0.0,0.5060207172736417,-0.5060207172736417
1019,1020,405.9,0.0,1.0,1.0,1.0,1.0,0.0,0.0,1.0,0,2.0,0,0.3288290546039981,0.5981796501068093,0.4018203498931907,0.671170945396002,0.3288290546039981,0.0,0.0,-0.671170945396002,0.671170945396002
1020,1021,313.4,0.0,1.0,1.0,1.0,1.0,0.0,0.0,1.0,0,2.0,0,0.5638508465792907,0.5263938475245352,0.4736061524754648,0.43614915342070937,0.5638508465792907,0.0,0.0,-0.43614915342070937,0.43614915342070926
1021,1022,332.7,0.0,0.0,0.0,1.0,0.0,0.0,0.0,1.0,0,2.0,0,0.5070955150725283,0.5070955150725283,0.49290448492747174,0.28342419369385086,0.7165758063061491,0.49290448492747174,-0.49290448492747174,0.0,0.0
1022,1023,320.2,1.0,1.0,0.0,1.0,0.0,0.0,0.0,1.0,0,2.0,0,0.4417774579260665,0.67969430844247,0.32030569155752997,0.4417774579260665,0.5582225420739335,0.0,0.0,0.5582225420739335,-0.5582225420739335
1023,1024,275.7,0.0,0.0,0.0,1.0,0.0,0.0,0.0,1.0,0,2.0,0,0.5483076092947741,0.5483076092947741,0.451692390705226,0.6372484673003059,0.36275153269969407,0.45169239070522593,-0.451692390705226,0.0,0.0
1024,1025,447.1,0.0,1.0,1.0,1.0,1.0,0.0,0.0,1.0,0,2.0,0,0.46310319791362553,0.7064752949095193,0.2935247050904807,0.5368968020863745,0.46310319791362553,0.0,0.0,-0.5368968020863745,0.5368968020863745
1025,1026,438.5,0.0,0.0,0.0,1.0,0.0,0.0,0.0,1.0,0,2.0,0,0.5555071997659048,0.5555071997659048,0.4444928002340952,0.34889335915173725,0.6511066408482628,0.4444928002340952,-0.4444928002340952,0.0,0.0
1026,1027,274.0,0.0,0.0,0.0,1.0,0.0,0.0,0.0,1.0,0,2.0,0,0.7111538277192296,0.7111538277192296,0.28884617228077036,0.45937767516837846,0.5406223248316215,0.28884617228077036,-0.28884617228077036,0.0,0.0
1027,1028,613.4,0.0,1.0,1.0,1.0,1.0,0.0,0.0,1.0,0,2.0,0,0.5109205873776443,0.8122981717649591,0.1877018282350409,0.48907941262235566,0.5109205873776443,0.0,0.0,-0.48907941262235566,0.48907941262235566
1028,1029,348.9,0.0,0.0,0.0,1.0,0.0,0.0,0.0,1.0,0,2.0,0,0.583955792455852,0.583955792455852,0.416044207544148,0.31782003263696235,0.6821799673630377,0.41604420754414795,-0.416044207544148,0.0,0.0
1029,1030,496.2,0.0,1.0,1.0,1.0,1.0,0.0,0.0,1.0,0,2.0,0,0.548975834354408,0.7296406673281913,0.27035933267180867,0.45102416564559206,0.548975834354408,0.0,0.0,-0.45102416564559206,0.451024165645592
1030,1031,371.7,0.0,1.0,1.0,1.0,1.0,0.0,0.0,1.0,0,2.0,0,0.7069095297286113,0.5617347968983283,0.4382652031016717,0.2930904702713887,0.7069095297286113,0.0,0.0,-0.2930904702713887,0.2930904702713887
1031,1032,323.1,1.0,0.0,1.0,1.0,1.0,0.0,0.0,1.0,0,2.0,0,0.4834037011282889,0.5165962988717111,0.4834037011282889,0.19045991391823622,0.8095400860817638,-0.5165962988717111,0.5165962988717111,0.0,0.0
1032,1033,282.6,0.0,1.0,1.0,1.0,1.0,0.0,0.0,1.0,0,2.0,0,0.5832143303208508,0.3357014184817403,0.6642985815182597,0.4167856696791491,0.5832143303208508,0.0,0.0,-0.4167856696791491,0.4167856696791492
1033,1034,314.0,0.0,1.0,1.0,1.0,1.0,0.0,0.0,1.0,0,2.0,0,0.7291588406271212,0.4558312572475789,0.5441687427524211,0.2708411593728788,0.7291588406271212,0.0,0.0,-0.2708411593728788,0.2708411593728788
1034,1035,369.4,0.0,0.0,0.0,1.0,0.0,0.0,0.0,1.0,0,2.0,0,0.488126021428172,0.488126021428172,0.511873978571828,0.17600157334323752,0.8239984266567625,0.511873978571828,-0.511873978571828,0.0,0.0
1035,1036,292.9,0.0,0.0,0.0,1.0,0.0,0.0,0.0,1.0,0,2.0,0,0.6673673019613955,0.6673673019613955,0.3326326980386046,0.4128988027349386,0.5871011972650614,0.3326326980386045,-0.3326326980386046,0.0,0.0
1036,1037,272.3,0.0,0.0,0.0,1.0,0.0,0.0,0.0,1.0,0,2.0,0,0.7838442342524441,0.7838442342524441,0.21615576574755593,0.47658439689571624,0.5234156031042838,0.2161557657475559,-0.21615576574755593,0.0,0.0
1037,1038,259.8,0.0,0.0,0.0,1.0,0.0,0.0,0.0,1.0,0,2.0,0,0.8595348101932851,0.8595348101932851,0.14046518980671488,0.4937051328115638,0.5062948671884362,0.14046518980671485,-0.14046518980671488,0.0,0.0
1038,1039,403.2,0.0,1.0,1.0,1.0,1.0,0.0,0.0,1.0,0,2.0,0,0.5016922627507638,0.9087210582646255,0.0912789417353746,0.4983077372492361,0.5016922627507638,0.0,0.0,-0.4983077372492361,0.49830773724923616
1039,1040,326.6,0.0,1.0,1.0,1.0,1.0,0.0,0.0,1.0,0,2.0,0,0.6761830957744879,0.6098773654231533,0.39012263457684676,0.3238169042255121,0.6761830957744879,0.0,0.0,-0.3238169042255121,0.3238169042255121
1040,1041,354.0,0.0,0.0,0.0,1.0,0.0,0.0,0.0,1.0,0,2.0,0,0.5295385696141853,0.5295385696141853,0.47046143038581467,0.21042697037182165,0.7895730296281783,0.47046143038581467,-0.47046143038581467,0.0,0.0
1041,1042,493.5,0.0,1.0,1.0,1.0,1.0,0.0,0.0,1.0,0,2.0,0,0.5778465433815372,0.6942785500662536,0.3057214499337464,0.4221534566184628,0.5778465433815372,0.0,0.0,-0.4221534566184628,0.4221534566184628
1042,1043,392.9,0.0,0.0,0.0,1.0,0.0,0.0,0.0,1.0,0,2.0,0,0.5522283224900273,0.5522283224900273,0.44777167750997265,0.27432932545841027,0.7256706745415897,0.4477716775099727,-0.44777167750997265,0.0,0.0
1043,1044,436.4,0.0,1.0,1.0,1.0,1.0,0.0,0.0,1.0,0,2.0,0,0.5606675351575391,0.709023104454383,0.29097689554561695,0.4393324648424609,0.5606675351575391,0.0,0.0,-0.4393324648424609,0.4393324648424609
1044,1045,371.5,0.0,0.0,0.0,1.0,0.0,0.0,0.0,1.0,0,2.0,0,0.5561921329121885,0.5561921329121885,0.4438078670878115,0.2854928150952917,0.7145071849047083,0.4438078670878115,-0.4438078670878115,0.0,0.0
1045,1046,254.9,0.0,0.0,0.0,1.0,0.0,0.0,0.0,1.0,0,2.0,0,0.7115989200074919,0.7115989200074919,0.28840107999250814,0.4423335698881301,0.5576664301118699,0.2884010799925081,-0.28840107999250814,0.0,0.0
1046,1047,266.4,0.0,0.0,0.0,1.0,0.0,0.0,0.0,1.0,0,2.0,0,0.8125874075044549,0.8125874075044549,0.18741259249554515,0.48449740896406596,0.515502591035934,0.1874125924955451,-0.18741259249554515,0.0,0.0
1047,1048,397.9,0.0,1.0,1.0,1.0,1.0,0.0,0.0,1.0,0,2.0,0,0.5041675950524628,0.878213078027261,0.12178692197273906,0.49583240494753716,0.5041675950524628,0.0,0.0,-0.49583240494753716,0.4958324049475372
1048,1049,353.3,1.0,1.0,0.0,1.0,0.0,0.0,0.0,1.0,0,2.0,0,0.3222083511508793,0.6016758391619521,0.3983241608380479,0.3222083511508793,0.6777916488491206,0.0,0.0,0.6777916488491207,-0.6777916488491206
1049,1050,336.7,0.0,0.0,0.0,1.0,0.0,0.0,0.0,1.0,0,2.0,0,0.5273337355842095,0.5273337355842095,0.47266626441579046,0.5595484937645043,0.4404515062354956,0.4726662644157905,-0.47266626441579046,0.0,0.0
1050,1051,384.2,0.0,1.0,1.0,1.0,1.0,0.0,0.0,1.0,0,2.0,0,0.4839914497248034,0.6928457757451904,0.30715422425480965,0.5160085502751965,0.4839914497248034,0.0,0.0,-0.5160085502751965,0.5160085502751965
1051,1052,295.6,0.0,1.0,1.0,1.0,1.0,0.0,0.0,1.0,0,2.0,0,0.6646805200609699,0.5518431466727773,0.44815685332722266,0.33531947993903005,0.6646805200609699,0.0,0.0,-0.33531947993903005,0.3353194799390301
1052,1053,283.1,0.0,0.0,0.0,1.0,0.0,0.0,0.0,1.0,0,2.0,0,0.5139371051636952,0.5139371051636952,0.48606289483630477,0.21790172578848893,0.782098274211511,0.4860628948363048,-0.48606289483630477,0.0,0.0
1053,1054,378.4,0.0,1.0,1.0,1.0,1.0,0.0,0.0,1.0,0,2.0,0,0.5758370887283979,0.6841402007248801,0.31585979927511987,0.4241629112716021,0.5758370887283979,0.0,0.0,-0.4241629112716021,0.4241629112716021
1054,1055,509.9,1.0,1.0,0.0,1.0,0.0,0.0,0.0,1.0,0,2.0,0,0.2756351357766547,0.5495028081255376,0.45049719187446235,0.2756351357766547,0.7243648642233453,0.0,0.0,0.7243648642233453,-0.7243648642233453
1055,1056,401.3,1.0,0.0,1.0,1.0,1.0,0.0,0.0,1.0,0,2.0,0,0.4866920531059099,0.5133079468940901,0.4866920531059099,0.5292836728617409,0.47071632713825917,-0.5133079468940901,0.5133079468940901,0.0,0.0
1056,1057,388.8,0.0,1.0,1.0,1.0,1.0,0.0,0.0,1.0,0,2.0,0,0.49212760693656665,0.33356453824127863,0.6664354617587214,0.5078723930634333,0.49212760693656665,0.0,0.0,-0.5078723930634333,0.5078723930634333
1057,1058,392.2,0.0,0.0,0.0,1.0,0.0,0.0,0.0,1.0,0,2.0,0,0.45525679511429995,0.45525679511429995,0.5447432048857,0.3300323349808785,0.6699676650191215,0.5447432048857,-0.5447432048857,0.0,0.0
1058,1059,311.7,1.0,1.0,0.0,1.0,0.0,0.0,0.0,1.0,0,2.0,0,0.4543072252779923,0.6460077879229404,0.35399221207705955,0.4543072252779923,0.5456927747220077,0.0,0.0,0.5456927747220077,-0.5456927747220077
1059,1060,451.1,0.0,1.0,1.0,1.0,1.0,0.0,0.0,1.0,0,2.0,0,0.35460927406858406,0.5392515891800422,0.46074841081995777,0.645390725931416,0.35460927406858406,0.0,0.0,-0.645390725931416,0.645390725931416
1060,1061,294.6,0.0,0.0,0.0,1.0,0.0,0.0,0.0,1.0,0,2.0,0,0.51055208954999,0.51055208954999,0.48944791045001007,0.419396311284724,0.5806036887152761,0.48944791045001,-0.48944791045001007,0.0,0.0
1061,1062,298.0,0.0,0.0,0.0,1.0,0.0,0.0,0.0,1.0,0,2.0,0,0.6819405052458657,0.6819405052458657,0.3180594947541343,0.4783311361616011,0.5216688638383989,0.3180594947541343,-0.3180594947541343,0.0,0.0
1062,1063,469.4,0.0,1.0,1.0,1.0,1.0,0.0,0.0,1.0,0,2.0,0,0.5058252874965272,0.7933143853648398,0.20668561463516022,0.4941747125034728,0.5058252874965272,0.0,0.0,-0.4941747125034728,0.4941747125034728
1063,1064,356.9,0.0,1.0,1.0,1.0,1.0,0.0,0.0,1.0,0,2.0,0,0.678868872410525,0.5788523401300594,0.42114765986994057,0.32113112758947504,0.678868872410525,0.0,0.0,-0.32113112758947504,0.32113112758947504
1064,1065,416.3,0.0,0.0,0.0,1.0,0.0,0.0,0.0,1.0,0,2.0,0,0.5211980450132123,0.5211980450132123,0.4788019549867877,0.20868166358504836,0.7913183364149516,0.4788019549867877,-0.4788019549867877,0.0,0.0
1065,1066,339.7,1.0,1.0,0.0,1.0,0.0,0.0,0.0,1.0,0,2.0,0,0.42168426202300935,0.688858600396572,0.311141399603428,0.42168426202300935,0.5783157379769907,0.0,0.0,0.5783157379769907,-0.5783157379769907
1066,1067,327.1,0.0,1.0,1.0,1.0,1.0,0.0,0.0,1.0,0,2.0,0,0.37580875819902515,0.5507712657067061,0.4492287342932939,0.6241912418009748,0.37580875819902515,0.0,0.0,-0.6241912418009748,0.6241912418009748
1067,1068,410.6,0.0,1.0,1.0,1.0,1.0,0.0,0.0,1.0,0,2.0,0,0.5943798170174216,0.5136489490870321,0.48635105091296793,0.4056201829825784,0.5943798170174216,0.0,0.0,-0.4056201829825784,0.4056201829825784
1068,1069,326.0,0.0,0.0,0.0,1.0,0.0,0.0,0.0,1.0,0,2.0,0,0.5036692764812398,0.5036692764812398,0.4963307235187602,0.26358545558587076,0.7364145444141292,0.4963307235187602,-0.4963307235187602,0.0,0.0
1069,1070,273.5,0.0,0.0,0.0,1.0,0.0,0.0,0.0,1.0,0,2.0,0,0.6774678249046194,0.6774678249046194,0.32253217509538057,0.43644416708492406,0.5635558329150759,0.32253217509538057,-0.32253217509538057,0.0,0.0
1070,1071,276.9,0.0,1.0,1.0,1.0,1.0,0.0,0.0,1.0,0,2.0,0,0.517085851919725,0.7904078892512378,0.20959211074876213,0.48291414808027505,0.517085851919725,0.0,0.0,-0.48291414808027505,0.482914148080275
1071,1072,400.4,1.0,1.0,0.0,1.0,0.0,0.0,0.0,1.0,0,2.0,0,0.31381363914050875,0.5780709804983067,0.42192901950169326,0.31381363914050875,0.6861863608594914,0.0,0.0,0.6861863608594913,-0.6861863608594914
1072,1073,311.8,0.0,1.0,1.0,1.0,1.0,0.0,0.0,1.0,0,2.0,0,0.4459066686820369,0.5209879904147301,0.47901200958526985,0.5540933313179632,0.4459066686820369,0.0,0.0,-0.5540933313179632,0.5540933313179631
1073,1074,263.3,0.0,0.0,0.0,1.0,0.0,0.0,0.0,1.0,0,2.0,0,0.5056422468225356,0.5056422468225356,0.49435775317746444,0.3600682345207934,0.6399317654792066,0.49435775317746444,-0.49435775317746444,0.0,0.0
1074,1075,398.7,1.0,0.0,1.0,1.0,1.0,0.0,0.0,1.0,0,2.0,0,0.3212500734937199,0.6787499265062801,0.3212500734937199,0.462381841065035,0.537618158934965,-0.6787499265062801,0.6787499265062801,0.0,0.0
1075,1076,322.2,0.0,0.0,0.0,1.0,0.0,0.0,0.0,1.0,0,2.0,0,0.4410742268579825,0.4410742268579825,0.5589257731420175,0.48988702903297127,0.5101129709670287,0.5589257731420175,-0.5589257731420175,0.0,0.0
1076,1077,449.6,0.0,1.0,1.0,1.0,1.0,0.0,0.0,1.0,0,2.0,0,0.5027186918412667,0.6367914844152333,0.36320851558476674,0.4972813081587332,0.5027186918412667,0.0,0.0,-0.4972813081587332,0.4972813081587333
1077,1078,309.0,1.0,1.0,0.0,1.0,0.0,0.0,0.0,1.0,0,2.0,0,0.3231498965400035,0.5367739503897468,0.46322604961025315,0.3231498965400035,0.6768501034599965,0.0,0.0,0.6768501034599965,-0.6768501034599965
1078,1079,408.5,1.0,0.0,1.0,1.0,1.0,0.0,0.0,1.0,0,2.0,0,0.4901139794406898,0.5098860205593102,0.4901139794406898,0.5601603412039542,0.4398396587960458,-0.5098860205593102,0.5098860205593102,0.0,0.0
1079,1080,291.9,1.0,0.0,1.0,1.0,1.0,0.0,0.0,1.0,0,2.0,0,0.6686591430491886,0.3313408569508114,0.6686591430491886,0.5161730345446714,0.48382696545532855,-0.3313408569508114,0.3313408569508114,0.0,0.0
1080,1081,523.1,0.0,1.0,1.0,1.0,1.0,0.0,0.0,1.0,0,2.0,0,0.49565216817011765,0.2153162845383944,0.7846837154616055,0.5043478318298824,0.49565216817011765,0.0,0.0,-0.5043478318298824,0.5043478318298824
1081,1082,390.5,0.0,0.0,0.0,1.0,0.0,0.0,0.0,1.0,0,2.0,0,0.4234678615126714,0.4234678615126714,0.5765321384873285,0.32774195812720563,0.6722580418727944,0.5765321384873285,-0.5765321384873285,0.0,0.0
1082,1083,433.9,0.0,1.0,1.0,1.0,1.0,0.0,0.0,1.0,0,2.0,0,0.5463085016815538,0.625350283938889,0.37464971606111086,0.45369149831844624,0.5463085016815538,0.0,0.0,-0.45369149831844624,0.45369149831844624
1083,1084,365.4,0.0,1.0,1.0,1.0,1.0,0.0,0.0,1.0,0,2.0,0,0.7051762084411852,0.5336981877389149,0.4663018122610851,0.2948237915588147,0.7051762084411852,0.0,0.0,-0.2948237915588147,0.2948237915588148
1084,1085,252.9,1.0,0.0,1.0,1.0,1.0,0.0,0.0,1.0,0,2.0,0,0.49094084336146565,0.5090591566385344,0.49094084336146565,0.1915862836118333,0.8084137163881666,-0.5090591566385344,0.5090591566385343,0.0,0.0
1085,1086,292.3,0.0,1.0,1.0,1.0,1.0,0.0,0.0,1.0,0,2.0,0,0.5829115259218056,0.3308035333352492,0.6691964666647509,0.4170884740781944,0.5829115259218056,0.0,0.0,-0.4170884740781944,0.4170884740781944
1086,1087,315.7,0.0,1.0,1.0,1.0,1.0,0.0,0.0,1.0,0,2.0,0,0.7289620682799247,0.45451454819831527,0.5454854518016847,0.2710379317200753,0.7289620682799247,0.0,0.0,-0.2710379317200753,0.2710379317200753
1087,1088,239.2,1.0,0.0,1.0,1.0,1.0,0.0,0.0,1.0,0,2.0,0,0.5122279523112193,0.4877720476887807,0.5122279523112193,0.1761294425444225,0.8238705574555775,-0.4877720476887807,0.4877720476887807,0.0,0.0
1088,1089,342.5,0.0,0.0,0.0,1.0,0.0,0.0,0.0,1.0,0,2.0,0,0.31697046351764624,0.31697046351764624,0.6830295364823538,0.4129331780886446,0.5870668219113553,0.6830295364823538,-0.6830295364823538,0.0,0.0
1089,1090,270.0,0.0,0.0,0.0,1.0,0.0,0.0,0.0,1.0,0,2.0,0,0.5561447405588296,0.5561447405588296,0.44385525944117044,0.4765936380963452,0.5234063619036547,0.44385525944117044,-0.44385525944117044,0.0,0.0
1090,1091,301.4,1.0,1.0,0.0,1.0,0.0,0.0,0.0,1.0,0,2.0,0,0.49370761714350103,0.7115681228835432,0.2884318771164568,0.49370761714350103,0.5062923828564989,0.0,0.0,0.5062923828564989,-0.5062923828564989
1091,1092,236.9,0.0,0.0,0.0,1.0,0.0,0.0,0.0,1.0,0,2.0,0,0.5568763157168054,0.5568763157168054,0.4431236842831946,0.6709944080849197,0.3290055919150803,0.4431236842831946,-0.4431236842831946,0.0,0.0
1092,1093,388.3,0.0,1.0,1.0,1.0,1.0,0.0,0.0,1.0,0,2.0,0,0.4540312037206118,0.7120435246988386,0.2879564753011614,0.5459687962793882,0.4540312037206118,0.0,0.0,-0.5459687962793882,0.5459687962793882
1093,1094,439.8,0.0,1.0,1.0,1.0,1.0,0.0,0.0,1.0,0,2.0,0,0.6452113579635336,0.557004119014252,0.44299588098574805,0.35478864203646643,0.6452113579635336,0.0,0.0,-0.35478864203646643,0.35478864203646643
1094,1095,379.2,0.0,1.0,1.0,1.0,1.0,0.0,0.0,1.0,0,2.0,0,0.7694465665879081,0.5153245405121716,0.4846754594878285,0.23055343341209195,0.7694465665879081,0.0,0.0,-0.23055343341209195,0.2305534334120919
1095,1096,430.7,1.0,1.0,0.0,1.0,0.0,0.0,0.0,1.0,0,2.0,0,0.14982127204805068,0.5041197293453561,0.4958802706546439,0.14982127204805068,0.8501787279519494,0.0,0.0,0.8501787279519493,-0.8501787279519494
1096,1097,322.1,1.0,1.0,0.0,1.0,0.0,0.0,0.0,1.0,0,2.0,0,0.4475256490226088,0.5011075157434906,0.4988924842565095,0.4475256490226088,0.5524743509773913,0.0,0.0,0.5524743509773913,-0.5524743509773913
1097,1098,325.6,0.0,0.0,0.0,1.0,0.0,0.0,0.0,1.0,0,2.0,0,0.5002977358508908,0.5002977358508908,0.49970226414910923,0.6409838326310834,0.3590161673689166,0.49970226414910923,-0.49970226414910923,0.0,0.0
1098,1099,436.9,1.0,0.0,1.0,1.0,1.0,0.0,0.0,1.0,0,2.0,0,0.3247231140830369,0.6752768859169631,0.3247231140830369,0.5379009884211365,0.4620990115788635,-0.6752768859169631,0.6752768859169631,0.0,0.0
1099,1100,380.4,0.0,0.0,0.0,1.0,0.0,0.0,0.0,1.0,0,2.0,0,0.4388173298286681,0.4388173298286681,0.5611826701713318,0.5101890046290486,0.4898109953709514,0.5611826701713318,-0.5611826701713318,0.0,0.0
1100,1101,391.8,0.0,1.0,1.0,1.0,1.0,0.0,0.0,1.0,0,2.0,0,0.49726086786504814,0.6353248778294663,0.36467512217053355,0.5027391321349519,0.49726086786504814,0.0,0.0,-0.5027391321349519,0.5027391321349519
1101,1102,387.2,0.0,1.0,1.0,1.0,1.0,0.0,0.0,1.0,0,2.0,0,0.6733034283199657,0.5363796793716581,0.4636203206283419,0.3266965716800344,0.6733034283199657,0.0,0.0,-0.3266965716800344,0.3266965716800343
1102,1103,454.7,0.0,0.0,0.0,1.0,0.0,0.0,0.0,1.0,0,2.0,0,0.509780027829417,0.509780027829417,0.49021997217058294,0.21229827384679856,0.7877017261532016,0.490219972170583,-0.49021997217058294,0.0,0.0
1103,1104,338.1,1.0,1.0,0.0,1.0,0.0,0.0,0.0,1.0,0,2.0,0,0.4226565231759108,0.6814387939186304,0.3185612060813696,0.4226565231759108,0.5773434768240893,0.0,0.0,0.5773434768240893,-0.5773434768240893
1104,1105,265.6,0.0,0.0,0.0,1.0,0.0,0.0,0.0,1.0,0,2.0,0,0.5487765830955205,0.5487765830955205,0.4512234169044796,0.6248230493630432,0.3751769506369568,0.45122341690447954,-0.4512234169044796,0.0,0.0
1105,1106,437.0,1.0,1.0,0.0,1.0,0.0,0.0,0.0,1.0,0,2.0,0,0.5335564501284284,0.7067800496483457,0.29321995035165427,0.5335564501284284,0.46644354987157155,0.0,0.0,0.46644354987157155,-0.46644354987157155
1106,1107,372.5,1.0,0.0,1.0,1.0,1.0,0.0,0.0,1.0,0,2.0,0,0.4444108723590191,0.5555891276409809,0.4444108723590191,0.696889502159537,0.30311049784046296,-0.5555891276409809,0.5555891276409809,0.0,0.0
1107,1108,347.9,0.0,1.0,1.0,0.0,0.0,0.0,0.0,1.0,1,2.0,0,0.5529302303840666,0.36104025261014777,0.6389597473898523,0.5529302303840666,0.4470697696159333,0.0,0.0,-0.5529302303840666,0.5529302303840666
1108,1109,431.4,0.0,1.0,1.0,1.0,1.0,0.0,0.0,1.0,0,2.0,1,0.6406875870640675,0.4626431507887262,0.5373568492112738,0.35931241293593247,0.6406875870640675,0.0,0.0,-0.35931241293593247,0.3593124129359325
1109,1110,570.7,0.0,0.0,0.0,1.0,0.0,0.0,0.0,1.0,0,2.0,0,0.489957277490735,0.489957277490735,0.510042722509265,0.23349312986588766,0.7665068701341123,0.510042722509265,-0.510042722509265,0.0,0.0
1110,1111,414.2,0.0,0.0,0.0,1.0,0.0,0.0,0.0,1.0,0,2.0,0,0.6685573129218849,0.6685573129218849,0.331442687078115,0.42835438212594507,0.571645617874055,0.3314426870781151,-0.331442687078115,0.0,0.0
1111,1112,257.6,0.0,0.0,0.0,1.0,0.0,0.0,0.0,1.0,0,2.0,0,0.7846175428656061,0.7846175428656061,0.21538245713439375,0.4807393537060714,0.5192606462939287,0.21538245713439386,-0.21538245713439375,0.0,0.0
1112,1113,249.1,0.0,0.0,0.0,1.0,0.0,0.0,0.0,1.0,0,2.0,0,0.8600373317927036,0.8600373317927036,0.13996266820729636,0.4948221188306038,0.5051778811693962,0.13996266820729641,-0.13996266820729636,0.0,0.0
1113,1114,276.5,0.0,0.0,0.0,1.0,0.0,0.0,0.0,1.0,0,2.0,0,0.9090476134763273,0.9090476134763273,0.09095238652367262,0.4986080190147701,0.50139198098523,0.09095238652367266,-0.09095238652367262,0.0,0.0
1114,1115,464.0,0.0,1.0,1.0,1.0,1.0,0.0,0.0,1.0,0,2.0,0,0.5003742092566152,0.9408961209420534,0.05910387905794655,0.4996257907433848,0.5003742092566152,0.0,0.0,-0.4996257907433848,0.49962579074338476
1115,1116,419.4,1.0,0.0,1.0,1.0,1.0,0.0,0.0,1.0,0,2.0,0,0.381472942940377,0.6185270570596231,0.381472942940377,0.32467341912619363,0.6753265808738064,-0.6185270570596231,0.6185270570596231,0.0,0.0
1116,1117,502.6,0.0,1.0,1.0,1.0,1.0,0.0,0.0,1.0,0,2.0,0,0.5471334236529368,0.40193940776919146,0.5980605922308085,0.4528665763470632,0.5471334236529368,0.0,0.0,-0.4528665763470632,0.4528665763470632
1117,1118,382.0,1.0,1.0,0.0,1.0,0.0,0.0,0.0,1.0,0,2.0,0,0.2942877298864124,0.47363815906157847,0.5263618409384215,0.2942877298864124,0.7057122701135876,0.0,0.0,0.7057122701135876,-0.7057122701135876
1118,1119,281.5,0.0,0.0,0.0,1.0,0.0,0.0,0.0,1.0,0,2.0,0,0.49291308932718947,0.49291308932718947,0.5070869106728105,0.5414047475087832,0.4585952524912168,0.5070869106728105,-0.5070869106728105,0.0,0.0
1119,1120,420.9,0.0,1.0,1.0,1.0,1.0,0.0,0.0,1.0,0,2.0,0,0.4888690722430787,0.6704780975431262,0.32952190245687385,0.5111309277569213,0.4888690722430787,0.0,0.0,-0.5111309277569213,0.5111309277569214
1120,1121,352.3,0.0,0.0,0.0,1.0,0.0,0.0,0.0,1.0,0,2.0,0,0.5458299954005851,0.5458299954005851,0.454170004599415,0.3321498389606108,0.6678501610393892,0.4541700045994149,-0.454170004599415,0.0,0.0
1121,1122,283.8,0.0,0.0,0.0,1.0,0.0,0.0,0.0,1.0,0,2.0,0,0.7048652591803709,0.7048652591803709,0.29513474081962915,0.4548764784492233,0.5451235215507767,0.2951347408196291,-0.29513474081962915,0.0,0.0
1122,1123,631.1,0.0,1.0,1.0,1.0,1.0,0.0,0.0,1.0,0,2.0,0,0.5121306538196624,0.8082116512395018,0.19178834876049822,0.4878693461803376,0.5121306538196624,0.0,0.0,-0.4878693461803376,0.4878693461803376
1123,1124,402.6,0.0,0.0,0.0,1.0,0.0,0.0,0.0,1.0,0,2.0,0,0.5828572043111859,0.5828572043111859,0.41714279568881407,0.31703369130635306,0.6829663086936469,0.41714279568881407,-0.41714279568881407,0.0,0.0
1124,1125,398.0,0.0,0.0,0.0,1.0,0.0,0.0,0.0,1.0,0,2.0,0,0.7289267682946575,0.7289267682946575,0.2710732317053425,0.4508127718062398,0.5491872281937602,0.2710732317053425,-0.2710732317053425,0.0,0.0
1125,1126,341.5,0.0,1.0,1.0,1.0,1.0,0.0,0.0,1.0,0,2.0,0,0.5132231088589976,0.8238476183537053,0.17615238164629463,0.4867768911410025,0.5132231088589976,0.0,0.0,-0.4867768911410025,0.4867768911410024
1126,1127,344.9,0.0,0.0,0.0,1.0,0.0,0.0,0.0,1.0,0,2.0,0,0.587060655143023,0.587060655143023,0.41293934485697703,0.31632377776819315,0.6836762222318069,0.41293934485697703,-0.41293934485697703,0.0,0.0
1127,1128,308.4,1.0,1.0,0.0,1.0,0.0,0.0,0.0,1.0,0,2.0,0,0.45062192421550773,0.7316583101385459,0.26834168986145407,0.45062192421550773,0.5493780757844923,0.0,0.0,0.5493780757844923,-0.5493780757844923
1128,1129,259.8,1.0,1.0,0.0,1.0,0.0,0.0,0.0,1.0,0,2.0,0,0.6429958950026803,0.562277204175575,0.43772279582442497,0.6429958950026803,0.3570041049973197,0.0,0.0,0.3570041049973197,-0.3570041049973197
1129,1130,283.3,0.0,0.0,0.0,1.0,0.0,0.0,0.0,1.0,0,2.0,0,0.5167421153923065,0.5167421153923065,0.48325788460769353,0.768006885234835,0.23199311476516507,0.4832578846076935,-0.48325788460769353,0.0,0.0
1130,1131,382.6,0.0,1.0,1.0,1.0,1.0,0.0,0.0,1.0,0,2.0,0,0.4279511298245781,0.6859629894569272,0.31403701054307276,0.5720488701754219,0.4279511298245781,0.0,0.0,-0.5720488701754219,0.5720488701754218
1131,1132,310.1,0.0,1.0,1.0,1.0,1.0,0.0,0.0,1.0,0,2.0,0,0.6282636604671926,0.5499928323597935,0.45000716764020654,0.37173633953280744,0.6282636604671926,0.0,0.0,-0.37173633953280744,0.3717363395328074
1132,1133,301.5,0.0,1.0,1.0,1.0,1.0,0.0,0.0,1.0,0,2.0,0,0.7584333903380063,0.5134396811680277,0.48656031883197226,0.24156660966199375,0.7584333903380063,0.0,0.0,-0.24156660966199375,0.24156660966199373
1133,1134,273.0,0.0,1.0,1.0,1.0,1.0,0.0,0.0,1.0,0,2.0,0,0.8430220005476758,0.5036130185343031,0.49638698146569693,0.1569779994523242,0.8430220005476758,0.0,0.0,-0.1569779994523242,0.15697799945232416
1134,1135,292.4,0.0,1.0,1.0,1.0,1.0,0.0,0.0,1.0,0,2.0,0,0.8979904865720733,0.5009712955810494,0.49902870441895064,0.10200951342792679,0.8979904865720733,0.0,0.0,-0.10200951342792679,0.10200951342792675
1135,1136,219.9,0.0,1.0,1.0,1.0,1.0,0.0,0.0,1.0,0,2.0,0,0.93371083294406,0.5002611154902221,0.49973888450977794,0.06628916705593998,0.93371083294406,0.0,0.0,-0.06628916705593998,0.06628916705594001
1136,1137,343.3,0.0,0.0,0.0,1.0,0.0,0.0,0.0,1.0,0,2.0,0,0.5000701962415605,0.5000701962415605,0.4999298037584396,0.04307690058805162,0.9569230994119483,0.49992980375843954,-0.4999298037584396,0.0,0.0
1137,1138,294.8,0.0,0.0,0.0,1.0,0.0,0.0,0.0,1.0,0,2.0,0,0.6751290231278184,0.6751290231278184,0.3248709768721816,0.37716437568073385,0.6228356243192661,0.3248709768721816,-0.3248709768721816,0.0,0.0
1138,1139,374.2,1.0,0.0,1.0,1.0,1.0,0.0,0.0,1.0,0,2.0,0,0.21111194175749087,0.7888880582425092,0.21111194175749087,0.4669778336413225,0.5330221663586775,-0.7888880582425092,0.7888880582425091,0.0,0.0
1139,1140,297.6,1.0,0.0,1.0,1.0,1.0,0.0,0.0,1.0,0,2.0,0,0.48735436015757666,0.5126456398424234,0.48735436015757666,0.49112257965013545,0.5088774203498646,-0.5126456398424234,0.5126456398424233,0.0,0.0
1140,1141,225.0,1.0,0.0,1.0,1.0,1.0,0.0,0.0,1.0,0,2.0,0,0.6668658508598446,0.33313414914015543,0.6668658508598446,0.4976134639014233,0.5023865360985768,-0.33313414914015543,0.3331341491401554,0.0,0.0
1141,1142,244.4,1.0,0.0,1.0,1.0,1.0,0.0,0.0,1.0,0,2.0,0,0.7835183746857814,0.21648162531421852,0.7835183746857814,0.49935842234282657,0.5006415776571734,-0.21648162531421852,0.21648162531421855,0.0,0.0
1142,1143,247.9,0.0,0.0,0.0,0.0,1.0,0.0,0.0,1.0,1,2.0,0,0.859323055833075,0.14067694416692494,0.859323055833075,0.49982752329184144,0.5001724767081586,0.8593230558330751,-0.859323055833075,0.0,0.0
1143,1144,251.3,0.0,0.0,0.0,1.0,0.0,0.0,0.0,1.0,0,2.0,1,0.44158336130691933,0.44158336130691933,0.5584166386930807,0.4999536327137883,0.5000463672862118,0.5584166386930807,-0.5584166386930807,0.0,0.0
1144,1145,238.8,1.0,0.0,1.0,0.0,0.0,0.0,0.0,1.0,1,2.0,0,0.6371223368760026,0.6371223368760026,0.3628776631239974,0.4999875349822385,0.5000124650177615,-0.6371223368760026,0.6371223368760026,0.0,0.0
1145,1146,554.2,0.0,0.0,0.0,1.0,0.0,0.0,0.0,1.0,0,2.0,1,0.4140232376863967,0.4140232376863967,0.5859767623136033,0.4999966490023357,0.5000033509976642,0.5859767623136033,-0.5859767623136033,0.0,0.0
1146,1147,349.7,0.0,0.0,0.0,1.0,0.0,0.0,0.0,1.0,0,2.0,0,0.619212853952589,0.619212853952589,0.380787146047411,0.4999990991440557,0.5000009008559443,0.38078714604741104,-0.380787146047411,0.0,0.0
1147,1148,401.1,0.0,1.0,1.0,1.0,1.0,0.0,0.0,1.0,0,2.0,0,0.5000002421790505,0.7525518759098304,0.24744812409016956,0.4999997578209496,0.5000002421790505,0.0,0.0,-0.4999997578209496,0.4999997578209495
1148,1149,436.6,1.0,1.0,0.0,1.0,0.0,0.0,0.0,1.0,0,2.0,0,0.3249164353434568,0.567894066617142,0.4321059333828579,0.3249164353434568,0.6750835646565432,0.0,0.0,0.6750835646565432,-0.6750835646565432
1149,1150,380.0,0.0,1.0,1.0,1.0,1.0,0.0,0.0,1.0,0,2.0,0,0.4386917032581964,0.5182521086616625,0.4817478913383375,0.5613082967418036,0.4386917032581964,0.0,0.0,-0.5613082967418036,0.5613082967418036
1150,1151,447.5,1.0,1.0,0.0,1.0,0.0,0.0,0.0,1.0,0,2.0,0,0.364756758484999,0.5049067538180578,0.49509324618194217,0.364756758484999,0.635243241515001,0.0,0.0,0.635243241515001,-0.635243241515001
1151,1152,338.9,1.0,0.0,1.0,1.0,1.0,0.0,0.0,1.0,0,2.0,0,0.4986809067665921,0.501319093233408,0.4986809067665921,0.5871978608377864,0.41280213916221364,-0.501319093233408,0.501319093233408,0.0,0.0
1152,1153,323.1,0.0,0.0,0.0,1.0,0.0,0.0,0.0,1.0,0,3.0,0,0.32577378327719697,0.32577378327719697,0.674226216722803,0.5234415893814491,0.4765584106185508,0.674226216722803,-0.674226216722803,0.0,0.0
1153,1154,346.6,0.0,1.0,1.0,1.0,1.0,0.0,0.0,1.0,0,3.0,0,0.49369814686451174,0.5618654298806154,0.43813457011938456,0.5063018531354883,0.49369814686451174,0.0,0.0,-0.5063018531354883,0.5063018531354883
1154,1155,342.0,0.0,1.0,1.0,1.0,1.0,0.0,0.0,1.0,0,3.0,0,0.670988253983357,0.5166314172186639,0.48336858278133604,0.32901174601664296,0.670988253983357,0.0,0.0,-0.32901174601664296,0.32901174601664296
1155,1156,341.4,0.0,0.0,0.0,1.0,0.0,0.0,0.0,1.0,0,3.0,0,0.5044710598347906,0.5044710598347906,0.49552894016520943,0.21380275096080323,0.7861972490391967,0.49552894016520943,-0.49552894016520943,0.0,0.0
1156,1157,428.9,0.0,1.0,1.0,1.0,1.0,0.0,0.0,1.0,0,3.0,0,0.5769390249900483,0.6779888503352892,0.3220111496647108,0.42306097500995166,0.5769390249900483,0.0,0.0,-0.42306097500995166,0.42306097500995166
1157,1158,328.3,0.0,1.0,1.0,1.0,1.0,0.0,0.0,1.0,0,3.0,0,0.7250809389744042,0.5478491273059765,0.4521508726940235,0.2749190610255958,0.7250809389744042,0.0,0.0,-0.2749190610255958,0.2749190610255958
1158,1159,243.7,0.0,1.0,1.0,1.0,1.0,0.0,0.0,1.0,0,3.0,0,0.8213484708358709,0.5128633843054247,0.4871366156945753,0.1786515291641291,0.8213484708358709,0.0,0.0,-0.1786515291641291,0.17865152916412907
1159,1160,447.2,1.0,1.0,0.0,1.0,0.0,0.0,0.0,1.0,0,3.0,0,0.1160936922802532,0.5034580914032339,0.496541908596766,0.1160936922802532,0.8839063077197469,0.0,0.0,0.8839063077197468,-0.8839063077197469
1160,1161,414.7,0.0,1.0,1.0,1.0,1.0,0.0,0.0,1.0,0,3.0,0,0.5743916515750431,0.5009296461855748,0.4990703538144252,0.425608348424957,0.5743916515750431,0.0,0.0,-0.425608348424957,0.4256083484249569
1161,1162,346.1,0.0,0.0,0.0,1.0,0.0,0.0,0.0,1.0,0,3.0,0,0.5002499187932238,0.5002499187932238,0.4997500812067762,0.27657442880637106,0.723425571193629,0.4997500812067762,-0.4997500812067762,0.0,0.0
1162,1163,401.5,0.0,1.0,1.0,1.0,1.0,0.0,0.0,1.0,0,3.0,0,0.5600639791723789,0.675245812806061,0.32475418719393895,0.4399360208276212,0.5600639791723789,0.0,0.0,-0.4399360208276212,0.43993602082762107
1163,1164,341.0,0.0,0.0,0.0,1.0,0.0,0.0,0.0,1.0,0,3.0,0,0.5471117105987284,0.5471117105987284,0.4528882894012715,0.28588502580371905,0.714114974196281,0.45288828940127157,-0.4528882894012715,0.0,0.0
1164,1165,328.5,1.0,1.0,0.0,1.0,0.0,0.0,0.0,1.0,0,3.0,0,0.4424390087405242,0.7056981602504058,0.2943018397495942,0.4424390087405242,0.5575609912594758,0.0,0.0,0.5575609912594758,-0.5575609912594758
1165,1166,383.8,0.0,1.0,1.0,1.0,1.0,0.0,0.0,1.0,0,3.0,0,0.3623216350266053,0.5552982809759482,0.44470171902405176,0.6376783649733947,0.3623216350266053,0.0,0.0,-0.6376783649733947,0.6376783649733947
1166,1167,343.2,0.0,0.0,0.0,1.0,0.0,0.0,0.0,1.0,0,3.0,0,0.5148659563856691,0.5148659563856691,0.4851340436143308,0.41438456319611855,0.5856154368038815,0.4851340436143309,-0.4851340436143308,0.0,0.0
1167,1168,386.7,0.0,1.0,1.0,1.0,1.0,0.0,0.0,1.0,0,3.0,0,0.5230161829084723,0.6847437990732542,0.3152562009267457,0.47698381709152776,0.5230161829084723,0.0,0.0,-0.47698381709152776,0.4769838170915277
1168,1169,342.1,0.0,0.0,0.0,1.0,0.0,0.0,0.0,1.0,0,3.0,0,0.5496650747740306,0.5496650747740306,0.45033492522596935,0.3099599132633841,0.6900400867366159,0.4503349252259694,-0.45033492522596935,0.0,0.0
1169,1170,401.6,1.0,0.0,1.0,1.0,1.0,0.0,0.0,1.0,0,3.0,0,0.29264257897397206,0.7073574210260279,0.29264257897397206,0.4489111127670661,0.5510888872329339,-0.7073574210260279,0.7073574210260279,0.0,0.0
1170,1171,381.0,0.0,1.0,1.0,1.0,1.0,0.0,0.0,1.0,0,3.0,0,0.513734335968373,0.4596643261491756,0.5403356738508245,0.48626566403162697,0.513734335968373,0.0,0.0,-0.48626566403162697,0.48626566403162697
1171,1172,300.4,0.0,1.0,1.0,1.0,1.0,0.0,0.0,1.0,0,3.0,0,0.684008434572775,0.4891564736250348,0.5108435263749652,0.31599156542722495,0.684008434572775,0.0,0.0,-0.31599156542722495,0.31599156542722495
1172,1173,351.9,0.0,0.0,0.0,1.0,0.0,0.0,0.0,1.0,0,3.0,0,0.49708491136953786,0.49708491136953786,0.5029150886304621,0.20534180553339224,0.7946581944666078,0.5029150886304621,-0.5029150886304621,0.0,0.0
1173,1174,367.4,0.0,1.0,1.0,1.0,1.0,0.0,0.0,1.0,0,3.0,0,0.5792135992351343,0.6731890859499895,0.32681091405001045,0.42078640076486573,0.5792135992351343,0.0,0.0,-0.42078640076486573,0.42078640076486573
1174,1175,362.8,0.0,0.0,0.0,1.0,0.0,0.0,0.0,1.0,0,3.0,0,0.546558796273003,0.546558796273003,0.453441203726997,0.2734409671983944,0.7265590328016056,0.45344120372699703,-0.453441203726997,0.0,0.0
1175,1176,542.2,1.0,0.0,1.0,1.0,1.0,0.0,0.0,1.0,0,3.0,0,0.29466114182715514,0.7053388581728448,0.29466114182715514,0.4390936455714968,0.5609063544285031,-0.7053388581728448,0.7053388581728448,0.0,0.0
1176,1177,389.7,0.0,0.0,0.0,1.0,0.0,0.0,0.0,1.0,0,3.0,0,0.45835259702028297,0.45835259702028297,0.5416474029797169,0.4836264131078858,0.5163735868921142,0.541647402979717,-0.5416474029797169,0.0,0.0
1177,1178,321.1,0.0,0.0,0.0,1.0,0.0,0.0,0.0,1.0,0,3.0,0,0.6480195427369931,0.6480195427369931,0.35198045726300675,0.49559825324911994,0.5044017467508801,0.35198045726300686,-0.35198045726300675,0.0,0.0
1178,1179,324.5,1.0,1.0,0.0,1.0,0.0,0.0,0.0,1.0,0,3.0,0,0.4988166689078851,0.7712714182445463,0.22872858175545366,0.4988166689078851,0.5011833310921149,0.0,0.0,0.5011833310921149,-0.5011833310921149
1179,1180,367.9,1.0,0.0,1.0,1.0,1.0,0.0,0.0,1.0,0,3.0,0,0.4270735183602533,0.5729264816397467,0.4270735183602533,0.6743144394675415,0.32568556053245845,-0.5729264816397467,0.5729264816397467,0.0,0.0
1180,1181,451.4,0.0,1.0,1.0,1.0,1.0,0.0,0.0,1.0,0,3.0,0,0.45313867250875417,0.3723066405862473,0.6276933594137527,0.5468613274912458,0.45313867250875417,0.0,0.0,-0.5468613274912458,0.5468613274912458
1181,1182,554.8,0.0,0.0,0.0,1.0,0.0,0.0,0.0,1.0,0,3.0,0,0.46567191821731174,0.46567191821731174,0.5343280817826882,0.3553686384369715,0.6446313615630286,0.5343280817826883,-0.5343280817826882,0.0,0.0
1182,1183,422.3,0.0,1.0,1.0,1.0,1.0,0.0,0.0,1.0,0,3.0,0,0.538881561506968,0.6527758805457087,0.3472241194542913,0.461118438493032,0.538881561506968,0.0,0.0,-0.461118438493032,0.461118438493032
1183,1184,409.7,0.0,0.0,0.0,1.0,0.0,0.0,0.0,1.0,0,3.0,0,0.5410710701470547,0.5410710701470547,0.45892892985294537,0.2996500637505298,0.7003499362494702,0.4589289298529453,-0.45892892985294537,0.0,0.0
1184,1185,301.1,0.0,0.0,0.0,1.0,0.0,0.0,0.0,1.0,0,3.0,0,0.7017727516236036,0.7017727516236036,0.29822724837639636,0.44613949364083016,0.5538605063591698,0.29822724837639636,-0.29822724837639636,0.0,0.0
1185,1186,264.5,0.0,0.0,0.0,1.0,0.0,0.0,0.0,1.0,0,3.0,0,0.806202037202894,0.806202037202894,0.19379796279710604,0.4855205636718846,0.5144794363281153,0.19379796279710604,-0.19379796279710604,0.0,0.0
1186,1187,276.0,0.0,0.0,0.0,1.0,0.0,0.0,0.0,1.0,0,3.0,0,0.8740636525039908,0.8740636525039908,0.1259363474960092,0.4961074618388868,0.5038925381611131,0.12593634749600924,-0.1259363474960092,0.0,0.0
1187,1188,295.4,0.0,0.0,0.0,1.0,0.0,0.0,0.0,1.0,0,3.0,0,0.9181623821441305,0.9181623821441305,0.08183761785586954,0.49895356055357615,0.5010464394464238,0.08183761785586952,-0.08183761785586954,0.0,0.0
1188,1189,502.6,0.0,1.0,1.0,1.0,1.0,0.0,0.0,1.0,0,3.0,0,0.5002813165779519,0.9468192000999904,0.05318079990000957,0.499718683422048,0.5002813165779519,0.0,0.0,-0.499718683422048,0.49971868342204806
1189,1190,286.0,0.0,1.0,1.0,1.0,1.0,0.0,0.0,1.0,0,3.0,0,0.6752662161285267,0.6201193712306378,0.37988062876936224,0.3247337838714733,0.6752662161285267,0.0,0.0,-0.3247337838714733,0.32473378387147334
1190,1191,257.5,0.0,1.0,1.0,1.0,1.0,0.0,0.0,1.0,0,3.0,0,0.7889772108071793,0.5322919501704826,0.4677080498295174,0.21102278919282066,0.7889772108071793,0.0,0.0,-0.21102278919282066,0.2110227891928207
1191,1192,296.9,0.0,0.0,0.0,1.0,0.0,0.0,0.0,1.0,0,3.0,0,0.5086811147538455,0.5086811147538455,0.4913188852461545,0.13712961130136817,0.8628703886986319,0.4913188852461545,-0.4913188852461545,0.0,0.0
1192,1193,248.3,0.0,0.0,0.0,1.0,0.0,0.0,0.0,1.0,0,3.0,0,0.6807246837342112,0.6807246837342112,0.31927531626578876,0.40244876916895567,0.5975512308310444,0.31927531626578876,-0.31927531626578876,0.0,0.0
1193,1194,335.8,0.0,1.0,1.0,1.0,1.0,0.0,0.0,1.0,0,3.0,0,0.5262249082124887,0.7925243041989962,0.20747569580100372,0.4737750917875113,0.5262249082124887,0.0,0.0,-0.4737750917875113,0.4737750917875113
1194,1195,279.2,1.0,0.0,1.0,1.0,1.0,0.0,0.0,1.0,0,3.0,0,0.4213600590972814,0.5786399409027185,0.4213600590972814,0.3078747770778768,0.6921252229221232,-0.5786399409027185,0.5786399409027185,0.0,0.0
1195,1196,270.7,0.0,1.0,1.0,1.0,1.0,0.0,0.0,1.0,0,3.0,0,0.55164943890009,0.3760194360189796,0.6239805639810204,0.44835056109991,0.55164943890009,0.0,0.0,-0.44835056109991,0.44835056109991
1196,1197,466.1,0.0,0.0,0.0,1.0,0.0,0.0,0.0,1.0,0,3.0,0,0.4666700370376041,0.4666700370376041,0.5333299629623959,0.29135307331286425,0.7086469266871358,0.5333299629623959,-0.5333299629623959,0.0,0.0
1197,1198,341.6,0.0,0.0,0.0,1.0,0.0,0.0,0.0,1.0,0,3.0,0,0.6534244912781457,0.6534244912781457,0.3465755087218543,0.4439089957699778,0.5560910042300222,0.3465755087218543,-0.3465755087218543,0.0,0.0
1198,1199,356.9,0.0,1.0,1.0,1.0,1.0,0.0,0.0,1.0,0,3.0,0,0.5150790658912991,0.7747837331721767,0.2252162668278233,0.4849209341087009,0.5150790658912991,0.0,0.0,-0.4849209341087009,0.48492093410870085
1199,1200,328.4,1.0,0.0,1.0,1.0,1.0,0.0,0.0,1.0,0,3.0,0,0.42612929514742687,0.5738707048525731,0.42612929514742687,0.31511771529785493,0.6848822847021451,-0.5738707048525731,0.5738707048525731,0.0,0.0
1200,1201,371.8,1.0,1.0,0.0,1.0,0.0,0.0,0.0,1.0,0,3.0,0,0.45029769583505885,0.37292022816440357,0.6270797718355964,0.45029769583505885,0.5497023041649411,0.0,0.0,0.5497023041649411,-0.5497023041649411
1201,1202,267.3,0.0,0.0,0.0,1.0,0.0,0.0,0.0,1.0,0,3.0,0,0.46583687029203585,0.46583687029203585,0.5341631297079641,0.6427852006414035,0.35721479935859646,0.5341631297079641,-0.5341631297079641,0.0,0.0
1202,1203,390.7,0.0,1.0,1.0,1.0,1.0,0.0,0.0,1.0,0,3.0,0,0.46161474592352414,0.6528830718778713,0.3471169281221286,0.5383852540764759,0.46161474592352414,0.0,0.0,-0.5383852540764759,0.5383852540764759
1203,1204,410.2,0.0,1.0,1.0,1.0,1.0,0.0,0.0,1.0,0,3.0,0,0.6501393953501623,0.5410998866245423,0.45890011337545766,0.3498606046498377,0.6501393953501623,0.0,0.0,-0.3498606046498377,0.3498606046498377
1204,1205,289.6,0.0,1.0,1.0,1.0,1.0,0.0,0.0,1.0,0,3.0,0,0.7726489688208229,0.511048971346544,0.48895102865345597,0.2273510311791771,0.7726489688208229,0.0,0.0,-0.2273510311791771,0.2273510311791771
1205,1206,337.1,0.0,0.0,0.0,1.0,0.0,0.0,0.0,1.0,0,3.0,0,0.5029703188461803,0.5029703188461803,0.49702968115381974,0.14774024480397907,0.8522597551960209,0.49702968115381974,-0.49702968115381974,0.0,0.0
1206,1207,364.5,1.0,1.0,0.0,1.0,0.0,0.0,0.0,1.0,0,3.0,0,0.40530124870521356,0.6770136190381418,0.32298638096185817,0.40530124870521356,0.5946987512947864,0.0,0.0,0.5946987512947864,-0.5946987512947864
1207,1208,304.0,0.0,0.0,0.0,1.0,0.0,0.0,0.0,1.0,0,3.0,0,0.5475869537686899,0.5475869537686899,0.45241304623131007,0.6135450160695839,0.38645498393041605,0.45241304623131007,-0.45241304623131007,0.0,0.0
1208,1209,291.4,0.0,0.0,0.0,1.0,0.0,0.0,0.0,1.0,0,3.0,0,0.7060069890334,0.7060069890334,0.2939930109666,0.5305245520640092,0.46947544793599083,0.2939930109666,-0.2939930109666,0.0,0.0
1209,1210,326.8,1.0,1.0,0.0,1.0,0.0,0.0,0.0,1.0,0,3.0,0,0.5082059813011731,0.8089535851868064,0.19104641481319362,0.5082059813011731,0.4917940186988269,0.0,0.0,0.4917940186988269,-0.4917940186988269
1210,1211,378.2,0.0,1.0,1.0,1.0,1.0,0.0,0.0,1.0,0,3.0,0,0.3195840737508474,0.583056660017711,0.41694333998228905,0.6804159262491526,0.3195840737508474,0.0,0.0,-0.6804159262491526,0.6804159262491526
1211,1212,293.7,0.0,1.0,1.0,1.0,1.0,0.0,0.0,1.0,0,3.0,0,0.5578431512221663,0.5223283014150056,0.47767169858499436,0.4421568487778337,0.5578431512221663,0.0,0.0,-0.4421568487778337,0.4421568487778337
1212,1213,325.1,1.0,1.0,0.0,1.0,0.0,0.0,0.0,1.0,0,3.0,0,0.28732819350491734,0.506002565525426,0.49399743447457395,0.28732819350491734,0.7126718064950827,0.0,0.0,0.7126718064950827,-0.7126718064950827
1213,1214,384.6,0.0,1.0,1.0,1.0,1.0,0.0,0.0,1.0,0,3.0,0,0.46311779018718147,0.5016136826629731,0.4983863173370269,0.5368822098128185,0.46311779018718147,0.0,0.0,-0.5368822098128185,0.5368822098128185
1214,1215,332.0,0.0,0.0,0.0,1.0,0.0,0.0,0.0,1.0,0,3.0,0,0.5004338097977856,0.5004338097977856,0.4995661902022144,0.3488838766081296,0.6511161233918704,0.4995661902022144,-0.4995661902022144,0.0,0.0
1215,1216,511.4,0.0,1.0,1.0,1.0,1.0,0.0,0.0,1.0,0,3.0,0,0.5406248740443134,0.675365311283329,0.324634688716671,0.45937512595568664,0.5406248740443134,0.0,0.0,-0.45937512595568664,0.45937512595568664
1216,1217,298.9,0.0,0.0,0.0,1.0,0.0,0.0,0.0,1.0,0,3.0,0,0.547143835632633,0.547143835632633,0.4528561643673669,0.2985172014111711,0.7014827985888289,0.452856164367367,-0.4528561643673669,0.0,0.0
1217,1218,386.3,1.0,0.0,1.0,1.0,1.0,0.0,0.0,1.0,0,3.0,0,0.2942809638364796,0.7057190361635204,0.2942809638364796,0.44583494380979294,0.5541650561902071,-0.7057190361635204,0.7057190361635204,0.0,0.0
1218,1219,381.8,1.0,1.0,0.0,1.0,0.0,0.0,0.0,1.0,0,3.0,0,0.4854386908826124,0.4585996492949974,0.5414003507050026,0.4854386908826124,0.5145613091173876,0.0,0.0,0.5145613091173876,-0.5145613091173876
1219,1220,601.2,0.0,0.0,0.0,1.0,0.0,0.0,0.0,1.0,0,3.0,0,0.4888702542453414,0.4888702542453414,0.5111297457546585,0.6656209853926471,0.3343790146073528,0.5111297457546586,-0.5111297457546585,0.0,0.0
1220,1221,276.6,0.0,0.0,0.0,1.0,0.0,0.0,0.0,1.0,0,3.0,0,0.6678509291436847,0.6678509291436847,0.3321490708563152,0.5445242474439581,0.45547575255604184,0.3321490708563153,-0.3321490708563152,0.0,0.0
1221,1222,544.0,0.0,1.0,1.0,1.0,1.0,0.0,0.0,1.0,0,3.0,0,0.4880304503336277,0.784158511244876,0.21584148875512393,0.5119695496663723,0.4880304503336277,0.0,0.0,-0.5119695496663723,0.5119695496663723
1222,1223,459.5,1.0,1.0,0.0,1.0,0.0,0.0,0.0,1.0,0,3.0,0,0.3326948033074082,0.5763909467026713,0.4236090532973286,0.3326948033074082,0.6673051966925918,0.0,0.0,0.6673051966925918,-0.6673051966925918
1223,1224,378.9,0.0,1.0,1.0,1.0,1.0,0.0,0.0,1.0,0,3.0,0,0.4336370616266661,0.5205363432985526,0.47946365670144747,0.566362938373334,0.4336370616266661,0.0,0.0,-0.566362938373334,0.566362938373334
1224,1225,410.1,0.0,0.0,0.0,1.0,0.0,0.0,0.0,1.0,0,3.0,0,0.5055208295521917,0.5055208295521917,0.49447917044780837,0.3680414323576684,0.6319585676423317,0.4944791704478083,-0.49447917044780837,0.0,0.0
1225,1226,385.5,1.0,0.0,1.0,1.0,1.0,0.0,0.0,1.0,0,3.0,0,0.3213289744652748,0.6786710255347252,0.3213289744652748,0.4645252930712348,0.5354747069287652,-0.6786710255347252,0.6786710255347252,0.0,0.0
1226,1227,336.9,0.0,1.0,1.0,1.0,1.0,0.0,0.0,1.0,0,3.0,0,0.5095367421317635,0.44102295438830275,0.5589770456116973,0.4904632578682365,0.5095367421317635,0.0,0.0,-0.4904632578682365,0.4904632578682365
1227,1228,380.4,0.0,0.0,0.0,1.0,0.0,0.0,0.0,1.0,0,3.0,0,0.484145073366739,0.484145073366739,0.515854926633261,0.3187193012012476,0.6812806987987524,0.515854926633261,-0.515854926633261,0.0,0.0
1228,1229,355.8,0.0,1.0,1.0,1.0,1.0,0.0,0.0,1.0,0,3.0,0,0.5487340820427677,0.6647803498015676,0.33521965019843236,0.4512659179572323,0.5487340820427677,0.0,0.0,-0.4512659179572323,0.45126591795723225
1229,1230,327.3,0.0,0.0,0.0,1.0,0.0,0.0,0.0,1.0,0,3.0,0,0.5442982575612226,0.5442982575612226,0.45570174243877737,0.2932475689461491,0.7067524310538509,0.45570174243877737,-0.45570174243877737,0.0,0.0
1230,1231,362.7,0.0,1.0,1.0,1.0,1.0,0.0,0.0,1.0,0,3.0,0,0.5555817028745333,0.7038698851009607,0.2961301148990393,0.4444182971254666,0.5555817028745333,0.0,0.0,-0.4444182971254666,0.44441829712546665
1231,1232,294.2,0.0,1.0,1.0,1.0,1.0,0.0,0.0,1.0,0,3.0,0,0.7112022423116349,0.5548067818162461,0.4451932181837539,0.28879775768836513,0.7112022423116349,0.0,0.0,-0.28879775768836513,0.28879775768836513
1232,1233,293.6,1.0,0.0,1.0,1.0,1.0,0.0,0.0,1.0,0,3.0,0,0.4852661743956639,0.5147338256043361,0.4852661743956639,0.18767036682623645,0.8123296331737635,-0.5147338256043361,0.5147338256043361,0.0,0.0
1233,1234,409.0,0.0,0.0,0.0,1.0,0.0,0.0,0.0,1.0,0,3.0,0,0.3344911215456073,0.3344911215456073,0.6655088784543928,0.41603574970562457,0.5839642502943754,0.6655088784543928,-0.6655088784543928,0.0,0.0
1234,1235,348.5,0.0,1.0,1.0,0.0,0.0,0.0,0.0,1.0,1,3.0,0,0.47742770912943033,0.5675302455761249,0.43246975442387525,0.47742770912943033,0.5225722908705697,0.0,0.0,-0.47742770912943033,0.47742770912943033
1235,1236,376.0,0.0,0.0,0.0,1.0,0.0,0.0,0.0,1.0,0,3.0,1,0.5181543018649141,0.5181543018649141,0.48184569813508593,0.31024836904036535,0.6897516309596347,0.48184569813508593,-0.48184569813508593,0.0,0.0
1236,1237,359.4,0.0,0.0,0.0,1.0,0.0,0.0,0.0,1.0,0,3.0,0,0.6868806750908556,0.6868806750908556,0.31311932490914446,0.4489886589570039,0.5510113410429961,0.3131193249091444,-0.31311932490914446,0.0,0.0
1237,1238,250.9,0.0,0.0,0.0,1.0,0.0,0.0,0.0,1.0,0,3.0,0,0.7965246716718186,0.7965246716718186,0.20347532832818135,0.48628651094146114,0.5137134890585389,0.20347532832818138,-0.20347532832818135,0.0,0.0
1238,1239,362.2,1.0,1.0,0.0,1.0,0.0,0.0,0.0,1.0,0,3.0,0,0.4963133730987359,0.8677749792342757,0.1322250207657243,0.4963133730987359,0.5036866269012641,0.0,0.0,0.5036866269012641,-0.5036866269012641
1239,1240,445.6,0.0,1.0,1.0,1.0,1.0,0.0,0.0,1.0,0,3.0,0,0.3273122852222137,0.5988697425045657,0.40113025749543435,0.6726877147777863,0.3273122852222137,0.0,0.0,-0.6726877147777863,0.6726877147777863
1240,1241,305.1,1.0,0.0,1.0,1.0,1.0,0.0,0.0,1.0,0,3.0,0,0.473420633444745,0.5265793665552551,0.473420633444745,0.4371348004996505,0.5628651995003495,-0.5265793665552551,0.526579366555255,0.0,0.0
1241,1242,308.6,1.0,0.0,1.0,1.0,1.0,0.0,0.0,1.0,0,3.0,0,0.6578112528450104,0.34218874715498965,0.6578112528450104,0.4830998125537561,0.5169001874462439,-0.34218874715498965,0.3421887471549896,0.0,0.0
1242,1243,272.0,1.0,0.0,1.0,1.0,1.0,0.0,0.0,1.0,0,3.0,0,0.7776343964149333,0.2223656035850668,0.7776343964149333,0.4954566860840616,0.5045433139159383,-0.2223656035850668,0.22236560358506674,0.0,0.0
1243,1244,339.4,0.0,1.0,1.0,1.0,1.0,0.0,0.0,1.0,0,3.0,0,0.5012213888990531,0.14450054850972344,0.8554994514902766,0.4987786111009469,0.5012213888990531,0.0,0.0,-0.4987786111009469,0.4987786111009469
1244,1245,358.9,0.0,0.0,0.0,1.0,0.0,0.0,0.0,1.0,0,3.0,0,0.40443031414878194,0.40443031414878194,0.5955696858512181,0.3241228936805092,0.6758771063194908,0.5955696858512181,-0.5955696858512181,0.0,0.0
1245,1246,546.3,0.0,1.0,1.0,1.0,1.0,0.0,0.0,1.0,0,3.0,0,0.5472814225982983,0.6129790538924692,0.3870209461075308,0.4527185774017017,0.5472814225982983,0.0,0.0,-0.4527185774017017,0.45271857740170174
1246,1247,357.8,0.0,1.0,1.0,1.0,1.0,0.0,0.0,1.0,0,3.0,0,0.7058084447396935,0.5303724032287753,0.46962759677122473,0.2941915552603065,0.7058084447396935,0.0,0.0,-0.2941915552603065,0.2941915552603065
1247,1248,265.1,1.0,0.0,1.0,1.0,1.0,0.0,0.0,1.0,0,3.0,0,0.4918349211990276,0.5081650788009724,0.4918349211990276,0.1911754354840236,0.8088245645159764,-0.5081650788009724,0.5081650788009724,0.0,0.0
1248,1249,320.6,1.0,0.0,1.0,1.0,1.0,0.0,0.0,1.0,0,3.0,0,0.6697774681139641,0.33022253188603595,0.6697774681139641,0.41697802488806834,0.5830219751119317,-0.33022253188603595,0.3302225318860359,0.0,0.0
1249,1250,304.0,0.0,1.0,1.0,1.0,1.0,0.0,0.0,1.0,0,3.0,0,0.5223189769968237,0.21458955979919525,0.7854104402008047,0.4776810230031762,0.5223189769968237,0.0,0.0,-0.4776810230031762,0.4776810230031763
1250,1251,331.5,0.0,1.0,1.0,1.0,1.0,0.0,0.0,1.0,0,3.0,0,0.6895870191981425,0.4232724945304316,0.5767275054695684,0.3104129808018575,0.6895870191981425,0.0,0.0,-0.3104129808018575,0.31041298080185753
1251,1252,326.9,0.0,1.0,1.0,1.0,1.0,0.0,0.0,1.0,0,3.0,0,0.7982833438839506,0.47937317888077013,0.5206268211192299,0.20171665611604933,0.7982833438839506,0.0,0.0,-0.20171665611604933,0.2017166561160494
1252,1253,290.4,0.0,1.0,1.0,1.0,1.0,0.0,0.0,1.0,0,3.0,0,0.8689178228000283,0.4944548470997346,0.5055451529002654,0.13108217719997173,0.8689178228000283,0.0,0.0,-0.13108217719997173,0.13108217719997173
1253,1254,261.8,0.0,1.0,1.0,1.0,1.0,0.0,0.0,1.0,0,3.0,0,0.9148184512358785,0.4985092845616111,0.5014907154383889,0.08518154876412151,0.9148184512358785,0.0,0.0,-0.08518154876412151,0.08518154876412154
1254,1255,313.3,0.0,0.0,0.0,1.0,0.0,0.0,0.0,1.0,0,3.0,0,0.4995992477469567,0.4995992477469567,0.5004007522530433,0.05535379717400647,0.9446462028259935,0.5004007522530434,-0.5004007522530433,0.0,0.0
1255,1256,252.7,0.0,0.0,0.0,1.0,0.0,0.0,0.0,1.0,0,3.0,0,0.6748229851673925,0.6748229851673925,0.3251770148326075,0.38046480032282276,0.6195351996771772,0.3251770148326075,-0.3251770148326075,0.0,0.0
1256,1257,400.2,1.0,0.0,1.0,1.0,1.0,0.0,0.0,1.0,0,3.0,0,0.21131081538017965,0.7886891846198203,0.21131081538017965,0.46786509393074854,0.5321349060692514,-0.7886891846198203,0.7886891846198203,0.0,0.0
1257,1258,387.6,0.0,0.0,0.0,1.0,0.0,0.0,0.0,1.0,0,3.0,0,0.5125164051626917,0.5125164051626917,0.48748359483730824,0.49136110375129294,0.5086388962487071,0.4874835948373083,-0.48748359483730824,0.0,0.0
1258,1259,487.0,1.0,1.0,0.0,1.0,0.0,0.0,0.0,1.0,0,3.0,0,0.49767758685103686,0.6832169827176751,0.31678301728232494,0.49767758685103686,0.5023224131489631,0.0,0.0,0.5023224131489632,-0.5023224131489631
1259,1260,298.4,0.0,0.0,0.0,1.0,0.0,0.0,0.0,1.0,0,3.0,0,0.5492546174333977,0.5492546174333977,0.4507453825666024,0.6735742261460635,0.32642577385393645,0.45074538256660235,-0.4507453825666024,0.0,0.0
1260,1261,353.7,0.0,0.0,0.0,1.0,0.0,0.0,0.0,1.0,0,3.0,0,0.7070906922248776,0.7070906922248776,0.29290930777512236,0.5466623343442805,0.4533376656557196,0.29290930777512236,-0.29290930777512236,0.0,0.0
1261,1262,365.1,0.0,1.0,1.0,1.0,1.0,0.0,0.0,1.0,0,3.0,0,0.48745566381137057,0.8096578114837946,0.1903421885162054,0.5125443361886294,0.48745566381137057,0.0,0.0,-0.5125443361886294,0.5125443361886295
1262,1263,364.4,0.0,0.0,0.0,0.0,1.0,0.0,0.0,1.0,1,3.0,0,0.4167540213048925,0.5832459786951074,0.4167540213048925,0.33306831866411385,0.6669316813358861,0.4167540213048926,-0.4167540213048925,0.0,0.0
1263,1264,343.9,1.0,1.0,0.0,1.0,0.0,0.0,0.0,1.0,0,3.0,1,0.45512339533293866,0.7291794067909783,0.27082059320902163,0.45512339533293866,0.5448766046670613,0.0,0.0,0.5448766046670613,-0.5448766046670613
1264,1265,491.3,0.0,1.0,1.0,1.0,1.0,0.0,0.0,1.0,0,3.0,0,0.3540788996819184,0.5616107952312308,0.43838920476876914,0.6459211003180816,0.3540788996819184,0.0,0.0,-0.6459211003180816,0.6459211003180816
1265,1266,494.8,0.0,0.0,0.0,1.0,0.0,0.0,0.0,1.0,0,3.0,0,0.5165629632355523,0.5165629632355523,0.4834370367644477,0.41974096616188605,0.580259033838114,0.4834370367644477,-0.4834370367644477,0.0,0.0
1266,1267,682.2,0.0,1.0,1.0,1.0,1.0,0.0,0.0,1.0,0,3.0,0,0.5215762095229017,0.6858465704402255,0.31415342955977454,0.4784237904770983,0.5215762095229017,0.0,0.0,-0.4784237904770983,0.47842379047709827
1267,1268,381.7,1.0,0.0,1.0,1.0,1.0,0.0,0.0,1.0,0,3.0,0,0.4500384648160718,0.5499615351839282,0.4500384648160718,0.3108956557554767,0.6891043442445234,-0.5499615351839282,0.5499615351839282,0.0,0.0
1268,1269,417.1,0.0,0.0,0.0,1.0,0.0,0.0,0.0,1.0,0,3.0,0,0.3573832562774294,0.3573832562774294,0.6426167437225706,0.44916267044354635,0.5508373295564537,0.6426167437225706,-0.6426167437225706,0.0,0.0
1269,1270,228.6,0.0,0.0,0.0,1.0,0.0,0.0,0.0,1.0,0,3.0,0,0.5824063144104008,0.5824063144104008,0.4175936855895992,0.4863332908254628,0.5136667091745373,0.4175936855895992,-0.4175936855895992,0.0,0.0
1270,1271,436.0,0.0,1.0,1.0,1.0,1.0,0.0,0.0,1.0,0,3.0,0,0.503674050963947,0.7286337650741481,0.2713662349258519,0.496325949036053,0.503674050963947,0.0,0.0,-0.496325949036053,0.496325949036053
1271,1272,347.4,0.0,0.0,0.0,1.0,0.0,0.0,0.0,1.0,0,3.0,0,0.5614641091892519,0.5614641091892519,0.43853589081074806,0.3225290724780741,0.677470927521926,0.43853589081074806,-0.43853589081074806,0.0,0.0
1272,1273,378.9,1.0,0.0,1.0,1.0,1.0,0.0,0.0,1.0,0,3.0,0,0.2849751748548258,0.7150248251451742,0.2849751748548258,0.4522901070032772,0.5477098929967228,-0.7150248251451742,0.7150248251451742,0.0,0.0
1273,1274,362.3,0.0,0.0,0.0,1.0,0.0,0.0,0.0,1.0,0,3.0,0,0.46464685979196757,0.46464685979196757,0.5353531402080325,0.4871740463548458,0.5128259536451542,0.5353531402080325,-0.5353531402080325,0.0,0.0
1274,1275,385.7,1.0,0.0,1.0,1.0,1.0,0.0,0.0,1.0,0,3.0,0,0.34789023643609374,0.6521097635639064,0.34789023643609374,0.49655197116206184,0.5034480288379382,-0.6521097635639064,0.6521097635639063,0.0,0.0
1275,1276,385.1,0.0,1.0,1.0,1.0,1.0,0.0,0.0,1.0,0,3.0,0,0.500926941044399,0.42376256491252895,0.5762374350874712,0.49907305895560095,0.500926941044399,0.0,0.0,-0.49907305895560095,0.49907305895560095
1276,1277,364.6,1.0,1.0,0.0,1.0,0.0,0.0,0.0,1.0,0,3.0,0,0.3243142356678447,0.47950492556073177,0.5204950744392682,0.3243142356678447,0.6756857643321553,0.0,0.0,0.6756857643321553,-0.6756857643321553
1277,1278,284.0,0.0,0.0,0.0,1.0,0.0,0.0,0.0,1.0,0,3.0,0,0.4944902648444402,0.4944902648444402,0.5055097351555597,0.5609169674083303,0.4390830325916697,0.5055097351555597,-0.5055097351555597,0.0,0.0
1278,1279,315.5,1.0,1.0,0.0,1.0,0.0,0.0,0.0,1.0,0,3.0,0,0.516376440002418,0.6715029985334974,0.32849700146650257,0.516376440002418,0.483623559997582,0.0,0.0,0.483623559997582,-0.483623559997582
1279,1280,406.9,0.0,1.0,1.0,1.0,1.0,0.0,0.0,1.0,0,3.0,0,0.3142746385465206,0.5461055217488474,0.4538944782511526,0.6857253614534794,0.3142746385465206,0.0,0.0,-0.6857253614534794,0.6857253614534794
1280,1281,290.4,0.0,1.0,1.0,1.0,1.0,0.0,0.0,1.0,0,3.0,0,0.5543929040304573,0.5123946470552132,0.48760535294478685,0.44560709596954273,0.5543929040304573,0.0,0.0,-0.44560709596954273,0.44560709596954273
1281,1282,353.8,1.0,1.0,0.0,1.0,0.0,0.0,0.0,1.0,0,3.0,0,0.2895702786280572,0.5033320797552225,0.4966679202447775,0.2895702786280572,0.7104297213719428,0.0,0.0,0.7104297213719428,-0.7104297213719428
1282,1283,329.3,0.0,0.0,0.0,1.0,0.0,0.0,0.0,1.0,0,3.0,0,0.5008957702019029,0.5008957702019029,0.4991042297980971,0.5383391911304136,0.4616608088695864,0.4991042297980971,-0.4991042297980971,0.0,0.0
1283,1284,380.7,0.0,1.0,1.0,1.0,1.0,0.0,0.0,1.0,0,3.0,0,0.48969319238957065,0.6756655084842832,0.3243344915157168,0.5103068076104293,0.48969319238957065,0.0,0.0,-0.5103068076104293,0.5103068076104293
1284,1285,512.1,1.0,1.0,0.0,1.0,0.0,0.0,0.0,1.0,0,3.0,0,0.3316142983406316,0.5472245382949532,0.4527754617050468,0.3316142983406316,0.6683857016593684,0.0,0.0,0.6683857016593684,-0.6683857016593684
1285,1286,455.5,0.0,0.0,0.0,1.0,0.0,0.0,0.0,1.0,0,3.0,0,0.5126954746917266,0.5126954746917266,0.4873045253082734,0.5656607903888909,0.43433920961110906,0.4873045253082734,-0.4873045253082734,0.0,0.0
1286,1287,239.0,0.0,0.0,0.0,1.0,0.0,0.0,0.0,1.0,0,3.0,0,0.6833333480401428,0.6833333480401428,0.3166666519598572,0.5176517321866546,0.48234826781334533,0.3166666519598572,-0.3166666519598572,0.0,0.0
1287,1288,418.4,0.0,1.0,1.0,1.0,1.0,0.0,0.0,1.0,0,3.0,0,0.495254646687255,0.7942195008346604,0.20578049916533953,0.5047453533127451,0.495254646687255,0.0,0.0,-0.5047453533127451,0.5047453533127451
1288,1289,349.9,1.0,1.0,0.0,1.0,0.0,0.0,0.0,1.0,0,3.0,0,0.3280002807786947,0.5790956642779511,0.4209043357220489,0.3280002807786947,0.6719997192213054,0.0,0.0,0.6719997192213053,-0.6719997192213054
1289,1290,381.3,1.0,0.0,1.0,1.0,1.0,0.0,0.0,1.0,0,3.0,0,0.47873654163023666,0.5212634583697633,0.47873654163023666,0.5633122818443854,0.4366877181556147,-0.5212634583697633,0.5212634583697633,0.0,0.0
1290,1291,328.7,0.0,0.0,0.0,1.0,0.0,0.0,0.0,1.0,0,3.0,0,0.33873429360531093,0.33873429360531093,0.6612657063946891,0.5170203775590275,0.48297962244097253,0.6612657063946891,-0.6612657063946891,0.0,0.0
1291,1292,388.2,1.0,1.0,0.0,1.0,0.0,0.0,0.0,1.0,0,3.0,0,0.5045756248837134,0.5702875995920472,0.4297124004079528,0.5045756248837134,0.49542437511628656,0.0,0.0,0.49542437511628656,-0.49542437511628656
1292,1293,371.6,0.0,1.0,1.0,1.0,1.0,0.0,0.0,1.0,0,3.0,0,0.3219431998258837,0.5188955673042209,0.481104432695779,0.6780568001741163,0.3219431998258837,0.0,0.0,-0.6780568001741163,0.6780568001741163
1293,1294,359.0,0.0,0.0,0.0,1.0,0.0,0.0,0.0,1.0,0,3.0,0,0.5050797361955827,0.5050797361955827,0.49492026380441734,0.4406238103656409,0.5593761896343591,0.49492026380441734,-0.49492026380441734,0.0,0.0
1294,1295,298.5,0.0,0.0,0.0,1.0,0.0,0.0,0.0,1.0,0,3.0,0,0.6783843884337241,0.6783843884337241,0.32161561156627594,0.4840377706164949,0.5159622293835051,0.32161561156627594,-0.32161561156627594,0.0,0.0
1295,1296,353.9,0.0,1.0,1.0,1.0,1.0,0.0,0.0,1.0,0,3.0,0,0.5042911606228129,0.791003502649013,0.20899649735098697,0.49570883937718707,0.5042911606228129,0.0,0.0,-0.49570883937718707,0.4957088393771871
